sample	gene	marker_id	marker_type	chrom	pos	ref	alt	raw_gt	genotype
HG01892	ABCG2	rs2231142	snp	chr4	88131171	G	T	1|0	HET
HG01061	ABCG2	rs2231142	snp	chr4	88131171	G	T	0|0	HOM_REF
NA20299	ABCG2	rs2231142	snp	chr4	88131171	G	T	0|1	HET
NA21091	ABCG2	rs2231142	snp	chr4	88131171	G	T	0|0	HOM_REF
HG00367	ABCG2	rs2231142	snp	chr4	88131171	G	T	1|0	HET
NA18939	ABCG2	rs2231142	snp	chr4	88131171	G	T	1|0	HET
HG03069	ABCG2	rs2231142	snp	chr4	88131171	G	T	0|0	HOM_REF
HG04227	ABCG2	rs2231142	snp	chr4	88131171	G	T	0|0	HOM_REF
NA19007	ABCG2	rs2231142	snp	chr4	88131171	G	T	0|0	HOM_REF
NA21120	ABCG2	rs2231142	snp	chr4	88131171	G	T	0|0	HOM_REF
HG01892	CYP3A5	rs10264272	star	chr7	99665212	C	T	0|0	HOM_REF
HG01061	CYP3A5	rs10264272	star	chr7	99665212	C	T	0|0	HOM_REF
NA20299	CYP3A5	rs10264272	star	chr7	99665212	C	T	0|0	HOM_REF
NA21091	CYP3A5	rs10264272	star	chr7	99665212	C	T	0|0	HOM_REF
HG00367	CYP3A5	rs10264272	star	chr7	99665212	C	T	0|0	HOM_REF
NA18939	CYP3A5	rs10264272	star	chr7	99665212	C	T	0|0	HOM_REF
HG03069	CYP3A5	rs10264272	star	chr7	99665212	C	T	1|0	HET
HG04227	CYP3A5	rs10264272	star	chr7	99665212	C	T	0|0	HOM_REF
NA19007	CYP3A5	rs10264272	star	chr7	99665212	C	T	0|0	HOM_REF
NA21120	CYP3A5	rs10264272	star	chr7	99665212	C	T	0|0	HOM_REF
HG01892	CYP3A5	rs776746	star	chr7	99672916	T	C	0|0	HOM_REF
HG01061	CYP3A5	rs776746	star	chr7	99672916	T	C	1|1	HOM_ALT
NA20299	CYP3A5	rs776746	star	chr7	99672916	T	C	1|0	HET
NA21091	CYP3A5	rs776746	star	chr7	99672916	T	C	1|1	HOM_ALT
HG00367	CYP3A5	rs776746	star	chr7	99672916	T	C	1|1	HOM_ALT
NA18939	CYP3A5	rs776746	star	chr7	99672916	T	C	0|0	HOM_REF
HG03069	CYP3A5	rs776746	star	chr7	99672916	T	C	0|0	HOM_REF
HG04227	CYP3A5	rs776746	star	chr7	99672916	T	C	1|1	HOM_ALT
NA19007	CYP3A5	rs776746	star	chr7	99672916	T	C	1|1	HOM_ALT
NA21120	CYP3A5	rs776746	star	chr7	99672916	T	C	0|1	HET
HG01892	CFTR	rs115545701	snp	chr7	117509089	C	T	0|0	HOM_REF
HG01061	CFTR	rs115545701	snp	chr7	117509089	C	T	0|0	HOM_REF
NA20299	CFTR	rs115545701	snp	chr7	117509089	C	T	0|0	HOM_REF
NA21091	CFTR	rs115545701	snp	chr7	117509089	C	T	0|0	HOM_REF
HG00367	CFTR	rs115545701	snp	chr7	117509089	C	T	0|0	HOM_REF
NA18939	CFTR	rs115545701	snp	chr7	117509089	C	T	0|0	HOM_REF
HG03069	CFTR	rs115545701	snp	chr7	117509089	C	T	0|0	HOM_REF
HG04227	CFTR	rs115545701	snp	chr7	117509089	C	T	0|0	HOM_REF
NA19007	CFTR	rs115545701	snp	chr7	117509089	C	T	0|0	HOM_REF
NA21120	CFTR	rs115545701	snp	chr7	117509089	C	T	0|0	HOM_REF
HG01892	CFTR	rs1800076	snp	chr7	117509093	G	A	0|0	HOM_REF
HG01061	CFTR	rs1800076	snp	chr7	117509093	G	A	0|0	HOM_REF
NA20299	CFTR	rs1800076	snp	chr7	117509093	G	A	0|0	HOM_REF
NA21091	CFTR	rs1800076	snp	chr7	117509093	G	A	0|0	HOM_REF
HG00367	CFTR	rs1800076	snp	chr7	117509093	G	A	0|0	HOM_REF
NA18939	CFTR	rs1800076	snp	chr7	117509093	G	A	0|0	HOM_REF
HG03069	CFTR	rs1800076	snp	chr7	117509093	G	A	0|0	HOM_REF
HG04227	CFTR	rs1800076	snp	chr7	117509093	G	A	0|0	HOM_REF
NA19007	CFTR	rs1800076	snp	chr7	117509093	G	A	0|0	HOM_REF
NA21120	CFTR	rs1800076	snp	chr7	117509093	G	A	0|0	HOM_REF
HG01892	CFTR	rs35516286	snp	chr7	117531068	T	C	0|0	HOM_REF
HG01061	CFTR	rs35516286	snp	chr7	117531068	T	C	0|0	HOM_REF
NA20299	CFTR	rs35516286	snp	chr7	117531068	T	C	0|0	HOM_REF
NA21091	CFTR	rs35516286	snp	chr7	117531068	T	C	0|0	HOM_REF
HG00367	CFTR	rs35516286	snp	chr7	117531068	T	C	0|0	HOM_REF
NA18939	CFTR	rs35516286	snp	chr7	117531068	T	C	0|0	HOM_REF
HG03069	CFTR	rs35516286	snp	chr7	117531068	T	C	0|0	HOM_REF
HG04227	CFTR	rs35516286	snp	chr7	117531068	T	C	0|0	HOM_REF
NA19007	CFTR	rs35516286	snp	chr7	117531068	T	C	0|0	HOM_REF
NA21120	CFTR	rs35516286	snp	chr7	117531068	T	C	0|0	HOM_REF
HG01892	CFTR	rs144476686	snp	chr7	117540188	T	G	0|0	HOM_REF
HG01061	CFTR	rs144476686	snp	chr7	117540188	T	G	0|0	HOM_REF
NA20299	CFTR	rs144476686	snp	chr7	117540188	T	G	0|0	HOM_REF
NA21091	CFTR	rs144476686	snp	chr7	117540188	T	G	0|0	HOM_REF
HG00367	CFTR	rs144476686	snp	chr7	117540188	T	G	0|0	HOM_REF
NA18939	CFTR	rs144476686	snp	chr7	117540188	T	G	0|0	HOM_REF
HG03069	CFTR	rs144476686	snp	chr7	117540188	T	G	0|0	HOM_REF
HG04227	CFTR	rs144476686	snp	chr7	117540188	T	G	0|0	HOM_REF
NA19007	CFTR	rs144476686	snp	chr7	117540188	T	G	0|0	HOM_REF
NA21120	CFTR	rs144476686	snp	chr7	117540188	T	G	0|0	HOM_REF
HG01892	CFTR	rs74571530	snp	chr7	117559594	T	G	0|0	HOM_REF
HG01061	CFTR	rs74571530	snp	chr7	117559594	T	G	0|0	HOM_REF
NA20299	CFTR	rs74571530	snp	chr7	117559594	T	G	0|0	HOM_REF
NA21091	CFTR	rs74571530	snp	chr7	117559594	T	G	0|0	HOM_REF
HG00367	CFTR	rs74571530	snp	chr7	117559594	T	G	0|0	HOM_REF
NA18939	CFTR	rs74571530	snp	chr7	117559594	T	G	0|0	HOM_REF
HG03069	CFTR	rs74571530	snp	chr7	117559594	T	G	0|0	HOM_REF
HG04227	CFTR	rs74571530	snp	chr7	117559594	T	G	0|0	HOM_REF
NA19007	CFTR	rs74571530	snp	chr7	117559594	T	G	0|0	HOM_REF
NA21120	CFTR	rs74571530	snp	chr7	117559594	T	G	0|0	HOM_REF
HG01892	CFTR	rs121908755	snp	chr7	117587800	G	A	0|0	HOM_REF
HG01061	CFTR	rs121908755	snp	chr7	117587800	G	A	1|1	HOM_ALT
NA20299	CFTR	rs121908755	snp	chr7	117587800	G	A	0|0	HOM_REF
NA21091	CFTR	rs121908755	snp	chr7	117587800	G	A	0|0	HOM_REF
HG00367	CFTR	rs121908755	snp	chr7	117587800	G	A	0|1	HET
NA18939	CFTR	rs121908755	snp	chr7	117587800	G	A	1|0	HET
HG03069	CFTR	rs121908755	snp	chr7	117587800	G	A	0|0	HOM_REF
HG04227	CFTR	rs121908755	snp	chr7	117587800	G	A	0|0	HOM_REF
NA19007	CFTR	rs121908755	snp	chr7	117587800	G	A	0|0	HOM_REF
NA21120	CFTR	rs121908755	snp	chr7	117587800	G	A	0|0	HOM_REF
HG01892	CFTR	rs1800098	snp	chr7	117590400	G	C	0|0	HOM_REF
HG01061	CFTR	rs1800098	snp	chr7	117590400	G	C	0|0	HOM_REF
NA20299	CFTR	rs1800098	snp	chr7	117590400	G	C	0|0	HOM_REF
NA21091	CFTR	rs1800098	snp	chr7	117590400	G	C	0|0	HOM_REF
HG00367	CFTR	rs1800098	snp	chr7	117590400	G	C	0|0	HOM_REF
NA18939	CFTR	rs1800098	snp	chr7	117590400	G	C	0|0	HOM_REF
HG03069	CFTR	rs1800098	snp	chr7	117590400	G	C	0|0	HOM_REF
HG04227	CFTR	rs1800098	snp	chr7	117590400	G	C	0|0	HOM_REF
NA19007	CFTR	rs1800098	snp	chr7	117590400	G	C	0|0	HOM_REF
NA21120	CFTR	rs1800098	snp	chr7	117590400	G	C	0|0	HOM_REF
HG01892	CFTR	rs1800100	snp	chr7	117592169	C	T	0|0	HOM_REF
HG01061	CFTR	rs1800100	snp	chr7	117592169	C	T	0|0	HOM_REF
NA20299	CFTR	rs1800100	snp	chr7	117592169	C	T	0|0	HOM_REF
NA21091	CFTR	rs1800100	snp	chr7	117592169	C	T	0|0	HOM_REF
HG00367	CFTR	rs1800100	snp	chr7	117592169	C	T	0|0	HOM_REF
NA18939	CFTR	rs1800100	snp	chr7	117592169	C	T	0|0	HOM_REF
HG03069	CFTR	rs1800100	snp	chr7	117592169	C	T	0|0	HOM_REF
HG04227	CFTR	rs1800100	snp	chr7	117592169	C	T	0|0	HOM_REF
NA19007	CFTR	rs1800100	snp	chr7	117592169	C	T	0|0	HOM_REF
NA21120	CFTR	rs1800100	snp	chr7	117592169	C	T	0|0	HOM_REF
HG01892	CFTR	rs150157202	snp	chr7	117592427	G	A	0|0	HOM_REF
HG01061	CFTR	rs150157202	snp	chr7	117592427	G	A	0|0	HOM_REF
NA20299	CFTR	rs150157202	snp	chr7	117592427	G	A	0|0	HOM_REF
NA21091	CFTR	rs150157202	snp	chr7	117592427	G	A	0|0	HOM_REF
HG00367	CFTR	rs150157202	snp	chr7	117592427	G	A	0|0	HOM_REF
NA18939	CFTR	rs150157202	snp	chr7	117592427	G	A	0|0	HOM_REF
HG03069	CFTR	rs150157202	snp	chr7	117592427	G	A	0|0	HOM_REF
HG04227	CFTR	rs150157202	snp	chr7	117592427	G	A	0|0	HOM_REF
NA19007	CFTR	rs150157202	snp	chr7	117592427	G	A	0|0	HOM_REF
NA21120	CFTR	rs150157202	snp	chr7	117592427	G	A	0|0	HOM_REF
HG01892	CFTR	rs1800103	snp	chr7	117592588	A	G	0|0	HOM_REF
HG01061	CFTR	rs1800103	snp	chr7	117592588	A	G	0|0	HOM_REF
NA20299	CFTR	rs1800103	snp	chr7	117592588	A	G	0|0	HOM_REF
NA21091	CFTR	rs1800103	snp	chr7	117592588	A	G	0|0	HOM_REF
HG00367	CFTR	rs1800103	snp	chr7	117592588	A	G	0|0	HOM_REF
NA18939	CFTR	rs1800103	snp	chr7	117592588	A	G	0|0	HOM_REF
HG03069	CFTR	rs1800103	snp	chr7	117592588	A	G	0|0	HOM_REF
HG04227	CFTR	rs1800103	snp	chr7	117592588	A	G	0|0	HOM_REF
NA19007	CFTR	rs1800103	snp	chr7	117592588	A	G	0|0	HOM_REF
NA21120	CFTR	rs1800103	snp	chr7	117592588	A	G	0|0	HOM_REF
HG01892	CFTR	rs1800110	snp	chr7	117603774	T	C	0|0	HOM_REF
HG01061	CFTR	rs1800110	snp	chr7	117603774	T	C	0|0	HOM_REF
NA20299	CFTR	rs1800110	snp	chr7	117603774	T	C	0|0	HOM_REF
NA21091	CFTR	rs1800110	snp	chr7	117603774	T	C	0|0	HOM_REF
HG00367	CFTR	rs1800110	snp	chr7	117603774	T	C	0|0	HOM_REF
NA18939	CFTR	rs1800110	snp	chr7	117603774	T	C	0|0	HOM_REF
HG03069	CFTR	rs1800110	snp	chr7	117603774	T	C	0|0	HOM_REF
HG04227	CFTR	rs1800110	snp	chr7	117603774	T	C	0|0	HOM_REF
NA19007	CFTR	rs1800110	snp	chr7	117603774	T	C	0|0	HOM_REF
NA21120	CFTR	rs1800110	snp	chr7	117603774	T	C	0|0	HOM_REF
HG01892	CFTR	rs1800111	snp	chr7	117610521	G	C	0|0	HOM_REF
HG01061	CFTR	rs1800111	snp	chr7	117610521	G	C	0|0	HOM_REF
NA20299	CFTR	rs1800111	snp	chr7	117610521	G	C	0|0	HOM_REF
NA21091	CFTR	rs1800111	snp	chr7	117610521	G	C	0|0	HOM_REF
HG00367	CFTR	rs1800111	snp	chr7	117610521	G	C	0|0	HOM_REF
NA18939	CFTR	rs1800111	snp	chr7	117610521	G	C	0|0	HOM_REF
HG03069	CFTR	rs1800111	snp	chr7	117610521	G	C	0|0	HOM_REF
HG04227	CFTR	rs1800111	snp	chr7	117610521	G	C	0|0	HOM_REF
NA19007	CFTR	rs1800111	snp	chr7	117610521	G	C	0|0	HOM_REF
NA21120	CFTR	rs1800111	snp	chr7	117610521	G	C	0|0	HOM_REF
HG01892	CFTR	rs200321110	snp	chr7	117611646	G	A	0|0	HOM_REF
HG01061	CFTR	rs200321110	snp	chr7	117611646	G	A	0|0	HOM_REF
NA20299	CFTR	rs200321110	snp	chr7	117611646	G	A	0|0	HOM_REF
NA21091	CFTR	rs200321110	snp	chr7	117611646	G	A	0|0	HOM_REF
HG00367	CFTR	rs200321110	snp	chr7	117611646	G	A	0|0	HOM_REF
NA18939	CFTR	rs200321110	snp	chr7	117611646	G	A	0|0	HOM_REF
HG03069	CFTR	rs200321110	snp	chr7	117611646	G	A	0|0	HOM_REF
HG04227	CFTR	rs200321110	snp	chr7	117611646	G	A	0|0	HOM_REF
NA19007	CFTR	rs200321110	snp	chr7	117611646	G	A	0|0	HOM_REF
NA21120	CFTR	rs200321110	snp	chr7	117611646	G	A	0|0	HOM_REF
HG01892	CFTR	rs202179988	snp	chr7	117611649	C	T	0|0	HOM_REF
HG01061	CFTR	rs202179988	snp	chr7	117611649	C	T	0|0	HOM_REF
NA20299	CFTR	rs202179988	snp	chr7	117611649	C	T	0|0	HOM_REF
NA21091	CFTR	rs202179988	snp	chr7	117611649	C	T	0|0	HOM_REF
HG00367	CFTR	rs202179988	snp	chr7	117611649	C	T	0|0	HOM_REF
NA18939	CFTR	rs202179988	snp	chr7	117611649	C	T	0|0	HOM_REF
HG03069	CFTR	rs202179988	snp	chr7	117611649	C	T	0|0	HOM_REF
HG04227	CFTR	rs202179988	snp	chr7	117611649	C	T	0|0	HOM_REF
NA19007	CFTR	rs202179988	snp	chr7	117611649	C	T	0|0	HOM_REF
NA21120	CFTR	rs202179988	snp	chr7	117611649	C	T	0|0	HOM_REF
HG01892	CFTR	rs78769542	snp	chr7	117611650	G	A	0|0	HOM_REF
HG01061	CFTR	rs78769542	snp	chr7	117611650	G	A	0|0	HOM_REF
NA20299	CFTR	rs78769542	snp	chr7	117611650	G	A	0|0	HOM_REF
NA21091	CFTR	rs78769542	snp	chr7	117611650	G	A	0|0	HOM_REF
HG00367	CFTR	rs78769542	snp	chr7	117611650	G	A	0|0	HOM_REF
NA18939	CFTR	rs78769542	snp	chr7	117611650	G	A	0|0	HOM_REF
HG03069	CFTR	rs78769542	snp	chr7	117611650	G	A	0|0	HOM_REF
HG04227	CFTR	rs78769542	snp	chr7	117611650	G	A	0|0	HOM_REF
NA19007	CFTR	rs78769542	snp	chr7	117611650	G	A	0|0	HOM_REF
NA21120	CFTR	rs78769542	snp	chr7	117611650	G	A	0|0	HOM_REF
HG01892	CFTR	rs1800120	snp	chr7	117627538	G	T	0|0	HOM_REF
HG01061	CFTR	rs1800120	snp	chr7	117627538	G	T	0|0	HOM_REF
NA20299	CFTR	rs1800120	snp	chr7	117627538	G	T	0|0	HOM_REF
NA21091	CFTR	rs1800120	snp	chr7	117627538	G	T	0|0	HOM_REF
HG00367	CFTR	rs1800120	snp	chr7	117627538	G	T	0|0	HOM_REF
NA18939	CFTR	rs1800120	snp	chr7	117627538	G	T	0|0	HOM_REF
HG03069	CFTR	rs1800120	snp	chr7	117627538	G	T	0|0	HOM_REF
HG04227	CFTR	rs1800120	snp	chr7	117627538	G	T	0|0	HOM_REF
NA19007	CFTR	rs1800120	snp	chr7	117627538	G	T	0|0	HOM_REF
NA21120	CFTR	rs1800120	snp	chr7	117627538	G	T	0|0	HOM_REF
HG01892	CFTR	rs11971167	snp	chr7	117642528	G	A	0|0	HOM_REF
HG01061	CFTR	rs11971167	snp	chr7	117642528	G	A	0|0	HOM_REF
NA20299	CFTR	rs11971167	snp	chr7	117642528	G	A	0|0	HOM_REF
NA21091	CFTR	rs11971167	snp	chr7	117642528	G	A	0|0	HOM_REF
HG00367	CFTR	rs11971167	snp	chr7	117642528	G	A	0|0	HOM_REF
NA18939	CFTR	rs11971167	snp	chr7	117642528	G	A	0|0	HOM_REF
HG03069	CFTR	rs11971167	snp	chr7	117642528	G	A	0|0	HOM_REF
HG04227	CFTR	rs11971167	snp	chr7	117642528	G	A	0|0	HOM_REF
NA19007	CFTR	rs11971167	snp	chr7	117642528	G	A	0|0	HOM_REF
NA21120	CFTR	rs11971167	snp	chr7	117642528	G	A	0|0	HOM_REF
HG01892	NAT2	rs200893121	star	chr8	18400010	A	G	0|0	HOM_REF
HG01061	NAT2	rs200893121	star	chr8	18400010	A	G	0|0	HOM_REF
NA20299	NAT2	rs200893121	star	chr8	18400010	A	G	0|0	HOM_REF
NA21091	NAT2	rs200893121	star	chr8	18400010	A	G	0|0	HOM_REF
HG00367	NAT2	rs200893121	star	chr8	18400010	A	G	0|0	HOM_REF
NA18939	NAT2	rs200893121	star	chr8	18400010	A	G	0|0	HOM_REF
HG03069	NAT2	rs200893121	star	chr8	18400010	A	G	0|0	HOM_REF
HG04227	NAT2	rs200893121	star	chr8	18400010	A	G	0|0	HOM_REF
NA19007	NAT2	rs200893121	star	chr8	18400010	A	G	0|0	HOM_REF
NA21120	NAT2	rs200893121	star	chr8	18400010	A	G	0|0	HOM_REF
HG01892	NAT2	rs72466456	star	chr8	18400032	T	C	0|0	HOM_REF
HG01061	NAT2	rs72466456	star	chr8	18400032	T	C	0|0	HOM_REF
NA20299	NAT2	rs72466456	star	chr8	18400032	T	C	0|0	HOM_REF
NA21091	NAT2	rs72466456	star	chr8	18400032	T	C	0|0	HOM_REF
HG00367	NAT2	rs72466456	star	chr8	18400032	T	C	0|0	HOM_REF
NA18939	NAT2	rs72466456	star	chr8	18400032	T	C	0|0	HOM_REF
HG03069	NAT2	rs72466456	star	chr8	18400032	T	C	0|0	HOM_REF
HG04227	NAT2	rs72466456	star	chr8	18400032	T	C	0|0	HOM_REF
NA19007	NAT2	rs72466456	star	chr8	18400032	T	C	0|0	HOM_REF
NA21120	NAT2	rs72466456	star	chr8	18400032	T	C	0|0	HOM_REF
HG01892	NAT2	rs45477599	star	chr8	18400073	T	A	0|0	HOM_REF
HG01061	NAT2	rs45477599	star	chr8	18400073	T	A	0|0	HOM_REF
NA20299	NAT2	rs45477599	star	chr8	18400073	T	A	0|0	HOM_REF
NA21091	NAT2	rs45477599	star	chr8	18400073	T	A	0|0	HOM_REF
HG00367	NAT2	rs45477599	star	chr8	18400073	T	A	0|0	HOM_REF
NA18939	NAT2	rs45477599	star	chr8	18400073	T	A	0|0	HOM_REF
HG03069	NAT2	rs45477599	star	chr8	18400073	T	A	0|0	HOM_REF
HG04227	NAT2	rs45477599	star	chr8	18400073	T	A	0|0	HOM_REF
NA19007	NAT2	rs45477599	star	chr8	18400073	T	A	0|0	HOM_REF
NA21120	NAT2	rs45477599	star	chr8	18400073	T	A	0|0	HOM_REF
HG01892	NAT2	rs1801279	star	chr8	18400194	G	A	0|0	HOM_REF
HG01061	NAT2	rs1801279	star	chr8	18400194	G	A	0|0	HOM_REF
NA20299	NAT2	rs1801279	star	chr8	18400194	G	A	0|0	HOM_REF
NA21091	NAT2	rs1801279	star	chr8	18400194	G	A	0|0	HOM_REF
HG00367	NAT2	rs1801279	star	chr8	18400194	G	A	0|0	HOM_REF
NA18939	NAT2	rs1801279	star	chr8	18400194	G	A	0|0	HOM_REF
HG03069	NAT2	rs1801279	star	chr8	18400194	G	A	0|0	HOM_REF
HG04227	NAT2	rs1801279	star	chr8	18400194	G	A	0|0	HOM_REF
NA19007	NAT2	rs1801279	star	chr8	18400194	G	A	0|0	HOM_REF
NA21120	NAT2	rs1801279	star	chr8	18400194	G	A	0|0	HOM_REF
HG01892	NAT2	rs561124342	star	chr8	18400251	G	C	0|0	HOM_REF
HG01061	NAT2	rs561124342	star	chr8	18400251	G	C	0|0	HOM_REF
NA20299	NAT2	rs561124342	star	chr8	18400251	G	C	0|0	HOM_REF
NA21091	NAT2	rs561124342	star	chr8	18400251	G	C	0|0	HOM_REF
HG00367	NAT2	rs561124342	star	chr8	18400251	G	C	0|0	HOM_REF
NA18939	NAT2	rs561124342	star	chr8	18400251	G	C	0|0	HOM_REF
HG03069	NAT2	rs561124342	star	chr8	18400251	G	C	0|0	HOM_REF
HG04227	NAT2	rs561124342	star	chr8	18400251	G	C	0|0	HOM_REF
NA19007	NAT2	rs561124342	star	chr8	18400251	G	C	0|0	HOM_REF
NA21120	NAT2	rs561124342	star	chr8	18400251	G	C	0|0	HOM_REF
HG01892	NAT2	rs549917500	star	chr8	18400324	C	A	0|0	HOM_REF
HG01061	NAT2	rs549917500	star	chr8	18400324	C	A	0|0	HOM_REF
NA20299	NAT2	rs549917500	star	chr8	18400324	C	A	0|0	HOM_REF
NA21091	NAT2	rs549917500	star	chr8	18400324	C	A	0|0	HOM_REF
HG00367	NAT2	rs549917500	star	chr8	18400324	C	A	0|0	HOM_REF
NA18939	NAT2	rs549917500	star	chr8	18400324	C	A	0|0	HOM_REF
HG03069	NAT2	rs549917500	star	chr8	18400324	C	A	0|0	HOM_REF
HG04227	NAT2	rs549917500	star	chr8	18400324	C	A	0|0	HOM_REF
NA19007	NAT2	rs549917500	star	chr8	18400324	C	A	0|0	HOM_REF
NA21120	NAT2	rs549917500	star	chr8	18400324	C	A	0|0	HOM_REF
HG01892	NAT2	rs1801280	star	chr8	18400344	T	C	1|0	HET
HG01061	NAT2	rs1801280	star	chr8	18400344	T	C	1|0	HET
NA20299	NAT2	rs1801280	star	chr8	18400344	T	C	1|0	HET
NA21091	NAT2	rs1801280	star	chr8	18400344	T	C	0|0	HOM_REF
HG00367	NAT2	rs1801280	star	chr8	18400344	T	C	0|1	HET
NA18939	NAT2	rs1801280	star	chr8	18400344	T	C	0|0	HOM_REF
HG03069	NAT2	rs1801280	star	chr8	18400344	T	C	0|0	HOM_REF
HG04227	NAT2	rs1801280	star	chr8	18400344	T	C	0|0	HOM_REF
NA19007	NAT2	rs1801280	star	chr8	18400344	T	C	0|0	HOM_REF
NA21120	NAT2	rs1801280	star	chr8	18400344	T	C	1|1	HOM_ALT
HG01892	NAT2	rs12720065	star	chr8	18400406	C	G	0|0	HOM_REF
HG01061	NAT2	rs12720065	star	chr8	18400406	C	G	0|0	HOM_REF
NA20299	NAT2	rs12720065	star	chr8	18400406	C	G	0|0	HOM_REF
NA21091	NAT2	rs12720065	star	chr8	18400406	C	G	0|0	HOM_REF
HG00367	NAT2	rs12720065	star	chr8	18400406	C	G	0|0	HOM_REF
NA18939	NAT2	rs12720065	star	chr8	18400406	C	G	0|0	HOM_REF
HG03069	NAT2	rs12720065	star	chr8	18400406	C	G	0|0	HOM_REF
HG04227	NAT2	rs12720065	star	chr8	18400406	C	G	0|0	HOM_REF
NA19007	NAT2	rs12720065	star	chr8	18400406	C	G	0|0	HOM_REF
NA21120	NAT2	rs12720065	star	chr8	18400406	C	G	0|0	HOM_REF
HG01892	NAT2	rs139351995	star	chr8	18400475	A	C	0|0	HOM_REF
HG01061	NAT2	rs139351995	star	chr8	18400475	A	C	0|0	HOM_REF
NA20299	NAT2	rs139351995	star	chr8	18400475	A	C	0|0	HOM_REF
NA21091	NAT2	rs139351995	star	chr8	18400475	A	C	0|0	HOM_REF
HG00367	NAT2	rs139351995	star	chr8	18400475	A	C	0|0	HOM_REF
NA18939	NAT2	rs139351995	star	chr8	18400475	A	C	0|0	HOM_REF
HG03069	NAT2	rs139351995	star	chr8	18400475	A	C	0|0	HOM_REF
HG04227	NAT2	rs139351995	star	chr8	18400475	A	C	0|0	HOM_REF
NA19007	NAT2	rs139351995	star	chr8	18400475	A	C	0|0	HOM_REF
NA21120	NAT2	rs139351995	star	chr8	18400475	A	C	0|0	HOM_REF
HG01892	NAT2	rs572750517	star	chr8	18400539	A	G	0|0	HOM_REF
HG01061	NAT2	rs572750517	star	chr8	18400539	A	G	0|0	HOM_REF
NA20299	NAT2	rs572750517	star	chr8	18400539	A	G	0|0	HOM_REF
NA21091	NAT2	rs572750517	star	chr8	18400539	A	G	0|0	HOM_REF
HG00367	NAT2	rs572750517	star	chr8	18400539	A	G	0|0	HOM_REF
NA18939	NAT2	rs572750517	star	chr8	18400539	A	G	0|0	HOM_REF
HG03069	NAT2	rs572750517	star	chr8	18400539	A	G	0|0	HOM_REF
HG04227	NAT2	rs572750517	star	chr8	18400539	A	G	0|0	HOM_REF
NA19007	NAT2	rs572750517	star	chr8	18400539	A	G	0|0	HOM_REF
NA21120	NAT2	rs572750517	star	chr8	18400539	A	G	0|0	HOM_REF
HG01892	NAT2	rs79050330	star	chr8	18400581	C	T	0|0	HOM_REF
HG01061	NAT2	rs79050330	star	chr8	18400581	C	T	0|0	HOM_REF
NA20299	NAT2	rs79050330	star	chr8	18400581	C	T	0|0	HOM_REF
NA21091	NAT2	rs79050330	star	chr8	18400581	C	T	0|0	HOM_REF
HG00367	NAT2	rs79050330	star	chr8	18400581	C	T	0|0	HOM_REF
NA18939	NAT2	rs79050330	star	chr8	18400581	C	T	0|0	HOM_REF
HG03069	NAT2	rs79050330	star	chr8	18400581	C	T	0|0	HOM_REF
HG04227	NAT2	rs79050330	star	chr8	18400581	C	T	0|0	HOM_REF
NA19007	NAT2	rs79050330	star	chr8	18400581	C	T	0|0	HOM_REF
NA21120	NAT2	rs79050330	star	chr8	18400581	C	T	0|0	HOM_REF
HG01892	NAT2	rs1799930	star	chr8	18400593	G	A	0|0	HOM_REF
HG01061	NAT2	rs1799930	star	chr8	18400593	G	A	0|0	HOM_REF
NA20299	NAT2	rs1799930	star	chr8	18400593	G	A	0|0	HOM_REF
NA21091	NAT2	rs1799930	star	chr8	18400593	G	A	1|0	HET
HG00367	NAT2	rs1799930	star	chr8	18400593	G	A	0|0	HOM_REF
NA18939	NAT2	rs1799930	star	chr8	18400593	G	A	0|1	HET
HG03069	NAT2	rs1799930	star	chr8	18400593	G	A	0|0	HOM_REF
HG04227	NAT2	rs1799930	star	chr8	18400593	G	A	0|1	HET
NA19007	NAT2	rs1799930	star	chr8	18400593	G	A	0|0	HOM_REF
NA21120	NAT2	rs1799930	star	chr8	18400593	G	A	0|0	HOM_REF
HG01892	NAT2	rs45618543	star	chr8	18400612	G	T	0|0	HOM_REF
HG01061	NAT2	rs45618543	star	chr8	18400612	G	T	0|0	HOM_REF
NA20299	NAT2	rs45618543	star	chr8	18400612	G	T	0|0	HOM_REF
NA21091	NAT2	rs45618543	star	chr8	18400612	G	T	0|0	HOM_REF
HG00367	NAT2	rs45618543	star	chr8	18400612	G	T	0|0	HOM_REF
NA18939	NAT2	rs45618543	star	chr8	18400612	G	T	0|0	HOM_REF
HG03069	NAT2	rs45618543	star	chr8	18400612	G	T	0|0	HOM_REF
HG04227	NAT2	rs45618543	star	chr8	18400612	G	T	0|0	HOM_REF
NA19007	NAT2	rs45618543	star	chr8	18400612	G	T	0|0	HOM_REF
NA21120	NAT2	rs45618543	star	chr8	18400612	G	T	0|0	HOM_REF
HG01892	NAT2	rs138707146	star	chr8	18400641	C	T	0|0	HOM_REF
HG01061	NAT2	rs138707146	star	chr8	18400641	C	T	0|0	HOM_REF
NA20299	NAT2	rs138707146	star	chr8	18400641	C	T	0|0	HOM_REF
NA21091	NAT2	rs138707146	star	chr8	18400641	C	T	0|0	HOM_REF
HG00367	NAT2	rs138707146	star	chr8	18400641	C	T	0|0	HOM_REF
NA18939	NAT2	rs138707146	star	chr8	18400641	C	T	0|0	HOM_REF
HG03069	NAT2	rs138707146	star	chr8	18400641	C	T	0|0	HOM_REF
HG04227	NAT2	rs138707146	star	chr8	18400641	C	T	0|0	HOM_REF
NA19007	NAT2	rs138707146	star	chr8	18400641	C	T	0|0	HOM_REF
NA21120	NAT2	rs138707146	star	chr8	18400641	C	T	0|0	HOM_REF
HG01892	NAT2	rs55700793	star	chr8	18400769	A	G	0|0	HOM_REF
HG01061	NAT2	rs55700793	star	chr8	18400769	A	G	0|0	HOM_REF
NA20299	NAT2	rs55700793	star	chr8	18400769	A	G	0|0	HOM_REF
NA21091	NAT2	rs55700793	star	chr8	18400769	A	G	0|0	HOM_REF
HG00367	NAT2	rs55700793	star	chr8	18400769	A	G	0|0	HOM_REF
NA18939	NAT2	rs55700793	star	chr8	18400769	A	G	0|0	HOM_REF
HG03069	NAT2	rs55700793	star	chr8	18400769	A	G	0|0	HOM_REF
HG04227	NAT2	rs55700793	star	chr8	18400769	A	G	0|0	HOM_REF
NA19007	NAT2	rs55700793	star	chr8	18400769	A	G	0|0	HOM_REF
NA21120	NAT2	rs55700793	star	chr8	18400769	A	G	0|0	HOM_REF
HG01892	NAT2	rs1208	star	chr8	18400806	G	A	0|1	HET
HG01061	NAT2	rs1208	star	chr8	18400806	G	A	0|1	HET
NA20299	NAT2	rs1208	star	chr8	18400806	G	A	0|1	HET
NA21091	NAT2	rs1208	star	chr8	18400806	G	A	1|1	HOM_ALT
HG00367	NAT2	rs1208	star	chr8	18400806	G	A	1|0	HET
NA18939	NAT2	rs1208	star	chr8	18400806	G	A	1|1	HOM_ALT
HG03069	NAT2	rs1208	star	chr8	18400806	G	A	1|1	HOM_ALT
HG04227	NAT2	rs1208	star	chr8	18400806	G	A	1|1	HOM_ALT
NA19007	NAT2	rs1208	star	chr8	18400806	G	A	1|1	HOM_ALT
NA21120	NAT2	rs1208	star	chr8	18400806	G	A	0|0	HOM_REF
HG01892	NAT2	rs56393504	star	chr8	18400841	G	A	0|0	HOM_REF
HG01061	NAT2	rs56393504	star	chr8	18400841	G	A	0|0	HOM_REF
NA20299	NAT2	rs56393504	star	chr8	18400841	G	A	0|0	HOM_REF
NA21091	NAT2	rs56393504	star	chr8	18400841	G	A	0|0	HOM_REF
HG00367	NAT2	rs56393504	star	chr8	18400841	G	A	0|0	HOM_REF
NA18939	NAT2	rs56393504	star	chr8	18400841	G	A	0|0	HOM_REF
HG03069	NAT2	rs56393504	star	chr8	18400841	G	A	0|0	HOM_REF
HG04227	NAT2	rs56393504	star	chr8	18400841	G	A	0|0	HOM_REF
NA19007	NAT2	rs56393504	star	chr8	18400841	G	A	0|0	HOM_REF
NA21120	NAT2	rs56393504	star	chr8	18400841	G	A	0|0	HOM_REF
HG01892	NAT2	rs1799931	star	chr8	18400860	G	A	0|0	HOM_REF
HG01061	NAT2	rs1799931	star	chr8	18400860	G	A	0|0	HOM_REF
NA20299	NAT2	rs1799931	star	chr8	18400860	G	A	0|0	HOM_REF
NA21091	NAT2	rs1799931	star	chr8	18400860	G	A	0|0	HOM_REF
HG00367	NAT2	rs1799931	star	chr8	18400860	G	A	1|0	HET
NA18939	NAT2	rs1799931	star	chr8	18400860	G	A	0|0	HOM_REF
HG03069	NAT2	rs1799931	star	chr8	18400860	G	A	1|0	HET
HG04227	NAT2	rs1799931	star	chr8	18400860	G	A	0|0	HOM_REF
NA19007	NAT2	rs1799931	star	chr8	18400860	G	A	1|0	HET
NA21120	NAT2	rs1799931	star	chr8	18400860	G	A	0|0	HOM_REF
HG01892	CYP2C19	rs12248560	star	chr10	94761900	C	T	1|0	HET
HG01061	CYP2C19	rs12248560	star	chr10	94761900	C	T	0|0	HOM_REF
NA20299	CYP2C19	rs12248560	star	chr10	94761900	C	T	0|0	HOM_REF
NA21091	CYP2C19	rs12248560	star	chr10	94761900	C	T	1|0	HET
HG00367	CYP2C19	rs12248560	star	chr10	94761900	C	T	0|0	HOM_REF
NA18939	CYP2C19	rs12248560	star	chr10	94761900	C	T	0|0	HOM_REF
HG03069	CYP2C19	rs12248560	star	chr10	94761900	C	T	0|1	HET
HG04227	CYP2C19	rs12248560	star	chr10	94761900	C	T	0|0	HOM_REF
NA19007	CYP2C19	rs12248560	star	chr10	94761900	C	T	0|0	HOM_REF
NA21120	CYP2C19	rs12248560	star	chr10	94761900	C	T	0|0	HOM_REF
HG01892	CYP2C19	rs28399504	star	chr10	94762706	A	G	0|0	HOM_REF
HG01061	CYP2C19	rs28399504	star	chr10	94762706	A	G	0|0	HOM_REF
NA20299	CYP2C19	rs28399504	star	chr10	94762706	A	G	0|0	HOM_REF
NA21091	CYP2C19	rs28399504	star	chr10	94762706	A	G	0|0	HOM_REF
HG00367	CYP2C19	rs28399504	star	chr10	94762706	A	G	0|0	HOM_REF
NA18939	CYP2C19	rs28399504	star	chr10	94762706	A	G	0|0	HOM_REF
HG03069	CYP2C19	rs28399504	star	chr10	94762706	A	G	0|0	HOM_REF
HG04227	CYP2C19	rs28399504	star	chr10	94762706	A	G	0|0	HOM_REF
NA19007	CYP2C19	rs28399504	star	chr10	94762706	A	G	0|0	HOM_REF
NA21120	CYP2C19	rs28399504	star	chr10	94762706	A	G	0|0	HOM_REF
HG01892	CYP2C19	rs367543002	star	chr10	94762712	C	T	0|0	HOM_REF
HG01061	CYP2C19	rs367543002	star	chr10	94762712	C	T	0|0	HOM_REF
NA20299	CYP2C19	rs367543002	star	chr10	94762712	C	T	0|0	HOM_REF
NA21091	CYP2C19	rs367543002	star	chr10	94762712	C	T	0|0	HOM_REF
HG00367	CYP2C19	rs367543002	star	chr10	94762712	C	T	0|0	HOM_REF
NA18939	CYP2C19	rs367543002	star	chr10	94762712	C	T	0|0	HOM_REF
HG03069	CYP2C19	rs367543002	star	chr10	94762712	C	T	0|0	HOM_REF
HG04227	CYP2C19	rs367543002	star	chr10	94762712	C	T	0|0	HOM_REF
NA19007	CYP2C19	rs367543002	star	chr10	94762712	C	T	0|0	HOM_REF
NA21120	CYP2C19	rs367543002	star	chr10	94762712	C	T	0|0	HOM_REF
HG01892	CYP2C19	rs367543003	star	chr10	94762715	T	C	0|0	HOM_REF
HG01061	CYP2C19	rs367543003	star	chr10	94762715	T	C	0|0	HOM_REF
NA20299	CYP2C19	rs367543003	star	chr10	94762715	T	C	0|0	HOM_REF
NA21091	CYP2C19	rs367543003	star	chr10	94762715	T	C	0|0	HOM_REF
HG00367	CYP2C19	rs367543003	star	chr10	94762715	T	C	0|0	HOM_REF
NA18939	CYP2C19	rs367543003	star	chr10	94762715	T	C	0|0	HOM_REF
HG03069	CYP2C19	rs367543003	star	chr10	94762715	T	C	0|0	HOM_REF
HG04227	CYP2C19	rs367543003	star	chr10	94762715	T	C	0|0	HOM_REF
NA19007	CYP2C19	rs367543003	star	chr10	94762715	T	C	0|0	HOM_REF
NA21120	CYP2C19	rs367543003	star	chr10	94762715	T	C	0|0	HOM_REF
HG01892	CYP2C19	rs17882687	star	chr10	94762760	A	C	0|0	HOM_REF
HG01061	CYP2C19	rs17882687	star	chr10	94762760	A	C	0|0	HOM_REF
NA20299	CYP2C19	rs17882687	star	chr10	94762760	A	C	0|0	HOM_REF
NA21091	CYP2C19	rs17882687	star	chr10	94762760	A	C	0|0	HOM_REF
HG00367	CYP2C19	rs17882687	star	chr10	94762760	A	C	0|0	HOM_REF
NA18939	CYP2C19	rs17882687	star	chr10	94762760	A	C	0|0	HOM_REF
HG03069	CYP2C19	rs17882687	star	chr10	94762760	A	C	0|0	HOM_REF
HG04227	CYP2C19	rs17882687	star	chr10	94762760	A	C	0|0	HOM_REF
NA19007	CYP2C19	rs17882687	star	chr10	94762760	A	C	0|0	HOM_REF
NA21120	CYP2C19	rs17882687	star	chr10	94762760	A	C	0|0	HOM_REF
HG01892	CYP2C19	rs12769205	star	chr10	94775367	A	G	0|0	HOM_REF
HG01061	CYP2C19	rs12769205	star	chr10	94775367	A	G	0|0	HOM_REF
NA20299	CYP2C19	rs12769205	star	chr10	94775367	A	G	0|0	HOM_REF
NA21091	CYP2C19	rs12769205	star	chr10	94775367	A	G	0|1	HET
HG00367	CYP2C19	rs12769205	star	chr10	94775367	A	G	0|1	HET
NA18939	CYP2C19	rs12769205	star	chr10	94775367	A	G	1|0	HET
HG03069	CYP2C19	rs12769205	star	chr10	94775367	A	G	1|0	HET
HG04227	CYP2C19	rs12769205	star	chr10	94775367	A	G	1|1	HOM_ALT
NA19007	CYP2C19	rs12769205	star	chr10	94775367	A	G	0|0	HOM_REF
NA21120	CYP2C19	rs12769205	star	chr10	94775367	A	G	0|0	HOM_REF
HG01892	CYP2C19	rs41291556	star	chr10	94775416	T	C	0|0	HOM_REF
HG01061	CYP2C19	rs41291556	star	chr10	94775416	T	C	0|0	HOM_REF
NA20299	CYP2C19	rs41291556	star	chr10	94775416	T	C	0|0	HOM_REF
NA21091	CYP2C19	rs41291556	star	chr10	94775416	T	C	0|0	HOM_REF
HG00367	CYP2C19	rs41291556	star	chr10	94775416	T	C	0|0	HOM_REF
NA18939	CYP2C19	rs41291556	star	chr10	94775416	T	C	0|0	HOM_REF
HG03069	CYP2C19	rs41291556	star	chr10	94775416	T	C	0|0	HOM_REF
HG04227	CYP2C19	rs41291556	star	chr10	94775416	T	C	0|0	HOM_REF
NA19007	CYP2C19	rs41291556	star	chr10	94775416	T	C	0|0	HOM_REF
NA21120	CYP2C19	rs41291556	star	chr10	94775416	T	C	0|0	HOM_REF
HG01892	CYP2C19	rs17885179	star	chr10	94775423	A	C	0|0	HOM_REF
HG01061	CYP2C19	rs17885179	star	chr10	94775423	A	C	0|0	HOM_REF
NA20299	CYP2C19	rs17885179	star	chr10	94775423	A	C	0|0	HOM_REF
NA21091	CYP2C19	rs17885179	star	chr10	94775423	A	C	0|0	HOM_REF
HG00367	CYP2C19	rs17885179	star	chr10	94775423	A	C	0|0	HOM_REF
NA18939	CYP2C19	rs17885179	star	chr10	94775423	A	C	0|0	HOM_REF
HG03069	CYP2C19	rs17885179	star	chr10	94775423	A	C	0|0	HOM_REF
HG04227	CYP2C19	rs17885179	star	chr10	94775423	A	C	0|0	HOM_REF
NA19007	CYP2C19	rs17885179	star	chr10	94775423	A	C	0|0	HOM_REF
NA21120	CYP2C19	rs17885179	star	chr10	94775423	A	C	0|0	HOM_REF
HG01892	CYP2C19	rs17884712	star	chr10	94775489	G	A	0|0	HOM_REF
HG01061	CYP2C19	rs17884712	star	chr10	94775489	G	A	0|0	HOM_REF
NA20299	CYP2C19	rs17884712	star	chr10	94775489	G	A	0|0	HOM_REF
NA21091	CYP2C19	rs17884712	star	chr10	94775489	G	A	0|0	HOM_REF
HG00367	CYP2C19	rs17884712	star	chr10	94775489	G	A	0|0	HOM_REF
NA18939	CYP2C19	rs17884712	star	chr10	94775489	G	A	0|0	HOM_REF
HG03069	CYP2C19	rs17884712	star	chr10	94775489	G	A	0|0	HOM_REF
HG04227	CYP2C19	rs17884712	star	chr10	94775489	G	A	0|0	HOM_REF
NA19007	CYP2C19	rs17884712	star	chr10	94775489	G	A	0|0	HOM_REF
NA21120	CYP2C19	rs17884712	star	chr10	94775489	G	A	0|0	HOM_REF
HG01892	CYP2C19	rs58973490	star	chr10	94775507	G	A	0|0	HOM_REF
HG01061	CYP2C19	rs58973490	star	chr10	94775507	G	A	0|0	HOM_REF
NA20299	CYP2C19	rs58973490	star	chr10	94775507	G	A	0|0	HOM_REF
NA21091	CYP2C19	rs58973490	star	chr10	94775507	G	A	0|0	HOM_REF
HG00367	CYP2C19	rs58973490	star	chr10	94775507	G	A	0|0	HOM_REF
NA18939	CYP2C19	rs58973490	star	chr10	94775507	G	A	0|0	HOM_REF
HG03069	CYP2C19	rs58973490	star	chr10	94775507	G	A	0|0	HOM_REF
HG04227	CYP2C19	rs58973490	star	chr10	94775507	G	A	0|0	HOM_REF
NA19007	CYP2C19	rs58973490	star	chr10	94775507	G	A	0|0	HOM_REF
NA21120	CYP2C19	rs58973490	star	chr10	94775507	G	A	0|0	HOM_REF
HG01892	CYP2C19	rs140278421	star	chr10	94780574	G	C	0|0	HOM_REF
HG01061	CYP2C19	rs140278421	star	chr10	94780574	G	C	0|0	HOM_REF
NA20299	CYP2C19	rs140278421	star	chr10	94780574	G	C	0|0	HOM_REF
NA21091	CYP2C19	rs140278421	star	chr10	94780574	G	C	0|0	HOM_REF
HG00367	CYP2C19	rs140278421	star	chr10	94780574	G	C	0|0	HOM_REF
NA18939	CYP2C19	rs140278421	star	chr10	94780574	G	C	0|0	HOM_REF
HG03069	CYP2C19	rs140278421	star	chr10	94780574	G	C	0|0	HOM_REF
HG04227	CYP2C19	rs140278421	star	chr10	94780574	G	C	0|0	HOM_REF
NA19007	CYP2C19	rs140278421	star	chr10	94780574	G	C	0|0	HOM_REF
NA21120	CYP2C19	rs140278421	star	chr10	94780574	G	C	0|0	HOM_REF
HG01892	CYP2C19	rs4986893	star	chr10	94780653	G	A	0|0	HOM_REF
HG01061	CYP2C19	rs4986893	star	chr10	94780653	G	A	0|0	HOM_REF
NA20299	CYP2C19	rs4986893	star	chr10	94780653	G	A	0|0	HOM_REF
NA21091	CYP2C19	rs4986893	star	chr10	94780653	G	A	0|0	HOM_REF
HG00367	CYP2C19	rs4986893	star	chr10	94780653	G	A	0|0	HOM_REF
NA18939	CYP2C19	rs4986893	star	chr10	94780653	G	A	0|0	HOM_REF
HG03069	CYP2C19	rs4986893	star	chr10	94780653	G	A	0|0	HOM_REF
HG04227	CYP2C19	rs4986893	star	chr10	94780653	G	A	0|0	HOM_REF
NA19007	CYP2C19	rs4986893	star	chr10	94780653	G	A	0|0	HOM_REF
NA21120	CYP2C19	rs4986893	star	chr10	94780653	G	A	0|0	HOM_REF
HG01892	CYP2C19	rs6413438	star	chr10	94781858	C	T	0|0	HOM_REF
HG01061	CYP2C19	rs6413438	star	chr10	94781858	C	T	0|0	HOM_REF
NA20299	CYP2C19	rs6413438	star	chr10	94781858	C	T	0|0	HOM_REF
NA21091	CYP2C19	rs6413438	star	chr10	94781858	C	T	0|0	HOM_REF
HG00367	CYP2C19	rs6413438	star	chr10	94781858	C	T	0|0	HOM_REF
NA18939	CYP2C19	rs6413438	star	chr10	94781858	C	T	0|0	HOM_REF
HG03069	CYP2C19	rs6413438	star	chr10	94781858	C	T	0|0	HOM_REF
HG04227	CYP2C19	rs6413438	star	chr10	94781858	C	T	0|0	HOM_REF
NA19007	CYP2C19	rs6413438	star	chr10	94781858	C	T	0|0	HOM_REF
NA21120	CYP2C19	rs6413438	star	chr10	94781858	C	T	0|0	HOM_REF
HG01892	CYP2C19	rs4244285	star	chr10	94781859	G	A	0|0	HOM_REF
HG01061	CYP2C19	rs4244285	star	chr10	94781859	G	A	0|0	HOM_REF
NA20299	CYP2C19	rs4244285	star	chr10	94781859	G	A	0|0	HOM_REF
NA21091	CYP2C19	rs4244285	star	chr10	94781859	G	A	0|1	HET
HG00367	CYP2C19	rs4244285	star	chr10	94781859	G	A	0|1	HET
NA18939	CYP2C19	rs4244285	star	chr10	94781859	G	A	1|0	HET
HG03069	CYP2C19	rs4244285	star	chr10	94781859	G	A	1|0	HET
HG04227	CYP2C19	rs4244285	star	chr10	94781859	G	A	1|1	HOM_ALT
NA19007	CYP2C19	rs4244285	star	chr10	94781859	G	A	0|0	HOM_REF
NA21120	CYP2C19	rs4244285	star	chr10	94781859	G	A	0|0	HOM_REF
HG01892	CYP2C19	rs3758581	star	chr10	94842866	A	G	1|1	HOM_ALT
HG01061	CYP2C19	rs3758581	star	chr10	94842866	A	G	1|1	HOM_ALT
NA20299	CYP2C19	rs3758581	star	chr10	94842866	A	G	1|1	HOM_ALT
NA21091	CYP2C19	rs3758581	star	chr10	94842866	A	G	1|1	HOM_ALT
HG00367	CYP2C19	rs3758581	star	chr10	94842866	A	G	1|1	HOM_ALT
NA18939	CYP2C19	rs3758581	star	chr10	94842866	A	G	1|1	HOM_ALT
HG03069	CYP2C19	rs3758581	star	chr10	94842866	A	G	1|1	HOM_ALT
HG04227	CYP2C19	rs3758581	star	chr10	94842866	A	G	1|1	HOM_ALT
NA19007	CYP2C19	rs3758581	star	chr10	94842866	A	G	1|1	HOM_ALT
NA21120	CYP2C19	rs3758581	star	chr10	94842866	A	G	1|0	HET
HG01892	CYP2C19	rs17879685	star	chr10	94849995	C	T	0|0	HOM_REF
HG01061	CYP2C19	rs17879685	star	chr10	94849995	C	T	0|0	HOM_REF
NA20299	CYP2C19	rs17879685	star	chr10	94849995	C	T	0|0	HOM_REF
NA21091	CYP2C19	rs17879685	star	chr10	94849995	C	T	0|0	HOM_REF
HG00367	CYP2C19	rs17879685	star	chr10	94849995	C	T	0|0	HOM_REF
NA18939	CYP2C19	rs17879685	star	chr10	94849995	C	T	0|0	HOM_REF
HG03069	CYP2C19	rs17879685	star	chr10	94849995	C	T	0|0	HOM_REF
HG04227	CYP2C19	rs17879685	star	chr10	94849995	C	T	0|0	HOM_REF
NA19007	CYP2C19	rs17879685	star	chr10	94849995	C	T	0|0	HOM_REF
NA21120	CYP2C19	rs17879685	star	chr10	94849995	C	T	0|0	HOM_REF
HG01892	CYP2C9	rs72558187	star	chr10	94941958	T	C	0|0	HOM_REF
HG01061	CYP2C9	rs72558187	star	chr10	94941958	T	C	0|0	HOM_REF
NA20299	CYP2C9	rs72558187	star	chr10	94941958	T	C	0|0	HOM_REF
NA21091	CYP2C9	rs72558187	star	chr10	94941958	T	C	0|0	HOM_REF
HG00367	CYP2C9	rs72558187	star	chr10	94941958	T	C	0|0	HOM_REF
NA18939	CYP2C9	rs72558187	star	chr10	94941958	T	C	0|0	HOM_REF
HG03069	CYP2C9	rs72558187	star	chr10	94941958	T	C	0|0	HOM_REF
HG04227	CYP2C9	rs72558187	star	chr10	94941958	T	C	0|0	HOM_REF
NA19007	CYP2C9	rs72558187	star	chr10	94941958	T	C	0|0	HOM_REF
NA21120	CYP2C9	rs72558187	star	chr10	94941958	T	C	0|0	HOM_REF
HG01892	CYP2C9	rs12414460	star	chr10	94942231	G	T	0|0	HOM_REF
HG01061	CYP2C9	rs12414460	star	chr10	94942231	G	T	0|0	HOM_REF
NA20299	CYP2C9	rs12414460	star	chr10	94942231	G	T	0|0	HOM_REF
NA21091	CYP2C9	rs12414460	star	chr10	94942231	G	T	0|0	HOM_REF
HG00367	CYP2C9	rs12414460	star	chr10	94942231	G	T	0|0	HOM_REF
NA18939	CYP2C9	rs12414460	star	chr10	94942231	G	T	0|0	HOM_REF
HG03069	CYP2C9	rs12414460	star	chr10	94942231	G	T	0|0	HOM_REF
HG04227	CYP2C9	rs12414460	star	chr10	94942231	G	T	0|0	HOM_REF
NA19007	CYP2C9	rs12414460	star	chr10	94942231	G	T	0|0	HOM_REF
NA21120	CYP2C9	rs12414460	star	chr10	94942231	G	T	0|0	HOM_REF
HG01892	CYP2C9	rs72558189	star	chr10	94942234	G	A	0|0	HOM_REF
HG01061	CYP2C9	rs72558189	star	chr10	94942234	G	A	0|0	HOM_REF
NA20299	CYP2C9	rs72558189	star	chr10	94942234	G	A	0|0	HOM_REF
NA21091	CYP2C9	rs72558189	star	chr10	94942234	G	A	0|0	HOM_REF
HG00367	CYP2C9	rs72558189	star	chr10	94942234	G	A	0|0	HOM_REF
NA18939	CYP2C9	rs72558189	star	chr10	94942234	G	A	0|0	HOM_REF
HG03069	CYP2C9	rs72558189	star	chr10	94942234	G	A	0|0	HOM_REF
HG04227	CYP2C9	rs72558189	star	chr10	94942234	G	A	0|0	HOM_REF
NA19007	CYP2C9	rs72558189	star	chr10	94942234	G	A	0|0	HOM_REF
NA21120	CYP2C9	rs72558189	star	chr10	94942234	G	A	0|0	HOM_REF
HG01892	CYP2C9	rs200965026	star	chr10	94942249	C	T	0|0	HOM_REF
HG01061	CYP2C9	rs200965026	star	chr10	94942249	C	T	1|0	HET
NA20299	CYP2C9	rs200965026	star	chr10	94942249	C	T	0|0	HOM_REF
NA21091	CYP2C9	rs200965026	star	chr10	94942249	C	T	0|0	HOM_REF
HG00367	CYP2C9	rs200965026	star	chr10	94942249	C	T	0|0	HOM_REF
NA18939	CYP2C9	rs200965026	star	chr10	94942249	C	T	0|0	HOM_REF
HG03069	CYP2C9	rs200965026	star	chr10	94942249	C	T	0|0	HOM_REF
HG04227	CYP2C9	rs200965026	star	chr10	94942249	C	T	0|0	HOM_REF
NA19007	CYP2C9	rs200965026	star	chr10	94942249	C	T	0|0	HOM_REF
NA21120	CYP2C9	rs200965026	star	chr10	94942249	C	T	0|0	HOM_REF
HG01892	CYP2C9	rs1799853	star	chr10	94942290	C	T	0|0	HOM_REF
HG01061	CYP2C9	rs1799853	star	chr10	94942290	C	T	1|0	HET
NA20299	CYP2C9	rs1799853	star	chr10	94942290	C	T	0|0	HOM_REF
NA21091	CYP2C9	rs1799853	star	chr10	94942290	C	T	0|0	HOM_REF
HG00367	CYP2C9	rs1799853	star	chr10	94942290	C	T	0|0	HOM_REF
NA18939	CYP2C9	rs1799853	star	chr10	94942290	C	T	0|0	HOM_REF
HG03069	CYP2C9	rs1799853	star	chr10	94942290	C	T	0|0	HOM_REF
HG04227	CYP2C9	rs1799853	star	chr10	94942290	C	T	0|0	HOM_REF
NA19007	CYP2C9	rs1799853	star	chr10	94942290	C	T	0|0	HOM_REF
NA21120	CYP2C9	rs1799853	star	chr10	94942290	C	T	0|0	HOM_REF
HG01892	CYP2C9	rs7900194	star	chr10	94942309	G	A	0|0	HOM_REF
HG01061	CYP2C9	rs7900194	star	chr10	94942309	G	A	0|0	HOM_REF
NA20299	CYP2C9	rs7900194	star	chr10	94942309	G	A	0|0	HOM_REF
NA21091	CYP2C9	rs7900194	star	chr10	94942309	G	A	0|0	HOM_REF
HG00367	CYP2C9	rs7900194	star	chr10	94942309	G	A	0|0	HOM_REF
NA18939	CYP2C9	rs7900194	star	chr10	94942309	G	A	0|0	HOM_REF
HG03069	CYP2C9	rs7900194	star	chr10	94942309	G	A	0|0	HOM_REF
HG04227	CYP2C9	rs7900194	star	chr10	94942309	G	A	0|0	HOM_REF
NA19007	CYP2C9	rs7900194	star	chr10	94942309	G	A	0|0	HOM_REF
NA21120	CYP2C9	rs7900194	star	chr10	94942309	G	A	0|0	HOM_REF
HG01892	CYP2C9	rs369745682	star	chr10	94949184	T	C	0|0	HOM_REF
HG01061	CYP2C9	rs369745682	star	chr10	94949184	T	C	0|0	HOM_REF
NA20299	CYP2C9	rs369745682	star	chr10	94949184	T	C	0|0	HOM_REF
NA21091	CYP2C9	rs369745682	star	chr10	94949184	T	C	0|0	HOM_REF
HG00367	CYP2C9	rs369745682	star	chr10	94949184	T	C	0|0	HOM_REF
NA18939	CYP2C9	rs369745682	star	chr10	94949184	T	C	0|0	HOM_REF
HG03069	CYP2C9	rs369745682	star	chr10	94949184	T	C	0|0	HOM_REF
HG04227	CYP2C9	rs369745682	star	chr10	94949184	T	C	0|0	HOM_REF
NA19007	CYP2C9	rs369745682	star	chr10	94949184	T	C	0|0	HOM_REF
NA21120	CYP2C9	rs369745682	star	chr10	94949184	T	C	0|0	HOM_REF
HG01892	CYP2C9	rs2256871	star	chr10	94949217	A	G	0|0	HOM_REF
HG01061	CYP2C9	rs2256871	star	chr10	94949217	A	G	0|0	HOM_REF
NA20299	CYP2C9	rs2256871	star	chr10	94949217	A	G	0|0	HOM_REF
NA21091	CYP2C9	rs2256871	star	chr10	94949217	A	G	0|0	HOM_REF
HG00367	CYP2C9	rs2256871	star	chr10	94949217	A	G	0|0	HOM_REF
NA18939	CYP2C9	rs2256871	star	chr10	94949217	A	G	0|0	HOM_REF
HG03069	CYP2C9	rs2256871	star	chr10	94949217	A	G	0|0	HOM_REF
HG04227	CYP2C9	rs2256871	star	chr10	94949217	A	G	0|0	HOM_REF
NA19007	CYP2C9	rs2256871	star	chr10	94949217	A	G	0|0	HOM_REF
NA21120	CYP2C9	rs2256871	star	chr10	94949217	A	G	0|0	HOM_REF
HG01892	CYP2C9	rs182132442	star	chr10	94972119	C	A	0|0	HOM_REF
HG01061	CYP2C9	rs182132442	star	chr10	94972119	C	A	0|0	HOM_REF
NA20299	CYP2C9	rs182132442	star	chr10	94972119	C	A	0|0	HOM_REF
NA21091	CYP2C9	rs182132442	star	chr10	94972119	C	A	0|0	HOM_REF
HG00367	CYP2C9	rs182132442	star	chr10	94972119	C	A	0|0	HOM_REF
NA18939	CYP2C9	rs182132442	star	chr10	94972119	C	A	0|0	HOM_REF
HG03069	CYP2C9	rs182132442	star	chr10	94972119	C	A	0|0	HOM_REF
HG04227	CYP2C9	rs182132442	star	chr10	94972119	C	A	0|0	HOM_REF
NA19007	CYP2C9	rs182132442	star	chr10	94972119	C	A	0|0	HOM_REF
NA21120	CYP2C9	rs182132442	star	chr10	94972119	C	A	0|0	HOM_REF
HG01892	CYP2C9	rs57505750	star	chr10	94981201	T	C	0|0	HOM_REF
HG01061	CYP2C9	rs57505750	star	chr10	94981201	T	C	0|0	HOM_REF
NA20299	CYP2C9	rs57505750	star	chr10	94981201	T	C	0|0	HOM_REF
NA21091	CYP2C9	rs57505750	star	chr10	94981201	T	C	0|0	HOM_REF
HG00367	CYP2C9	rs57505750	star	chr10	94981201	T	C	0|0	HOM_REF
NA18939	CYP2C9	rs57505750	star	chr10	94981201	T	C	0|0	HOM_REF
HG03069	CYP2C9	rs57505750	star	chr10	94981201	T	C	0|0	HOM_REF
HG04227	CYP2C9	rs57505750	star	chr10	94981201	T	C	0|0	HOM_REF
NA19007	CYP2C9	rs57505750	star	chr10	94981201	T	C	0|0	HOM_REF
NA21120	CYP2C9	rs57505750	star	chr10	94981201	T	C	0|0	HOM_REF
HG01892	CYP2C9	rs28371685	star	chr10	94981224	C	T	0|0	HOM_REF
HG01061	CYP2C9	rs28371685	star	chr10	94981224	C	T	0|0	HOM_REF
NA20299	CYP2C9	rs28371685	star	chr10	94981224	C	T	0|0	HOM_REF
NA21091	CYP2C9	rs28371685	star	chr10	94981224	C	T	0|0	HOM_REF
HG00367	CYP2C9	rs28371685	star	chr10	94981224	C	T	0|0	HOM_REF
NA18939	CYP2C9	rs28371685	star	chr10	94981224	C	T	0|0	HOM_REF
HG03069	CYP2C9	rs28371685	star	chr10	94981224	C	T	0|0	HOM_REF
HG04227	CYP2C9	rs28371685	star	chr10	94981224	C	T	0|0	HOM_REF
NA19007	CYP2C9	rs28371685	star	chr10	94981224	C	T	0|0	HOM_REF
NA21120	CYP2C9	rs28371685	star	chr10	94981224	C	T	0|0	HOM_REF
HG01892	CYP2C9	rs1057910	star	chr10	94981296	A	C	0|0	HOM_REF
HG01061	CYP2C9	rs1057910	star	chr10	94981296	A	C	0|0	HOM_REF
NA20299	CYP2C9	rs1057910	star	chr10	94981296	A	C	0|0	HOM_REF
NA21091	CYP2C9	rs1057910	star	chr10	94981296	A	C	0|0	HOM_REF
HG00367	CYP2C9	rs1057910	star	chr10	94981296	A	C	0|0	HOM_REF
NA18939	CYP2C9	rs1057910	star	chr10	94981296	A	C	0|0	HOM_REF
HG03069	CYP2C9	rs1057910	star	chr10	94981296	A	C	0|0	HOM_REF
HG04227	CYP2C9	rs1057910	star	chr10	94981296	A	C	0|0	HOM_REF
NA19007	CYP2C9	rs1057910	star	chr10	94981296	A	C	0|0	HOM_REF
NA21120	CYP2C9	rs1057910	star	chr10	94981296	A	C	0|1	HET
HG01892	CYP2C9	rs28371686	star	chr10	94981301	C	G	0|0	HOM_REF
HG01061	CYP2C9	rs28371686	star	chr10	94981301	C	G	0|0	HOM_REF
NA20299	CYP2C9	rs28371686	star	chr10	94981301	C	G	0|0	HOM_REF
NA21091	CYP2C9	rs28371686	star	chr10	94981301	C	G	0|0	HOM_REF
HG00367	CYP2C9	rs28371686	star	chr10	94981301	C	G	0|0	HOM_REF
NA18939	CYP2C9	rs28371686	star	chr10	94981301	C	G	0|0	HOM_REF
HG03069	CYP2C9	rs28371686	star	chr10	94981301	C	G	0|0	HOM_REF
HG04227	CYP2C9	rs28371686	star	chr10	94981301	C	G	0|0	HOM_REF
NA19007	CYP2C9	rs28371686	star	chr10	94981301	C	G	0|0	HOM_REF
NA21120	CYP2C9	rs28371686	star	chr10	94981301	C	G	0|0	HOM_REF
HG01892	CYP2C9	rs578144976	star	chr10	94981305	C	G	0|0	HOM_REF
HG01061	CYP2C9	rs578144976	star	chr10	94981305	C	G	0|0	HOM_REF
NA20299	CYP2C9	rs578144976	star	chr10	94981305	C	G	0|0	HOM_REF
NA21091	CYP2C9	rs578144976	star	chr10	94981305	C	G	0|0	HOM_REF
HG00367	CYP2C9	rs578144976	star	chr10	94981305	C	G	0|0	HOM_REF
NA18939	CYP2C9	rs578144976	star	chr10	94981305	C	G	0|0	HOM_REF
HG03069	CYP2C9	rs578144976	star	chr10	94981305	C	G	0|0	HOM_REF
HG04227	CYP2C9	rs578144976	star	chr10	94981305	C	G	0|0	HOM_REF
NA19007	CYP2C9	rs578144976	star	chr10	94981305	C	G	0|0	HOM_REF
NA21120	CYP2C9	rs578144976	star	chr10	94981305	C	G	0|0	HOM_REF
HG01892	CYP2C9	rs202201137	star	chr10	94988925	A	G	0|0	HOM_REF
HG01061	CYP2C9	rs202201137	star	chr10	94988925	A	G	0|0	HOM_REF
NA20299	CYP2C9	rs202201137	star	chr10	94988925	A	G	0|0	HOM_REF
NA21091	CYP2C9	rs202201137	star	chr10	94988925	A	G	0|0	HOM_REF
HG00367	CYP2C9	rs202201137	star	chr10	94988925	A	G	0|0	HOM_REF
NA18939	CYP2C9	rs202201137	star	chr10	94988925	A	G	0|0	HOM_REF
HG03069	CYP2C9	rs202201137	star	chr10	94988925	A	G	0|0	HOM_REF
HG04227	CYP2C9	rs202201137	star	chr10	94988925	A	G	0|0	HOM_REF
NA19007	CYP2C9	rs202201137	star	chr10	94988925	A	G	0|0	HOM_REF
NA21120	CYP2C9	rs202201137	star	chr10	94988925	A	G	0|0	HOM_REF
HG01892	CYP2C9	rs9332239	star	chr10	94989020	C	T	0|0	HOM_REF
HG01061	CYP2C9	rs9332239	star	chr10	94989020	C	T	0|0	HOM_REF
NA20299	CYP2C9	rs9332239	star	chr10	94989020	C	T	0|0	HOM_REF
NA21091	CYP2C9	rs9332239	star	chr10	94989020	C	T	0|0	HOM_REF
HG00367	CYP2C9	rs9332239	star	chr10	94989020	C	T	0|0	HOM_REF
NA18939	CYP2C9	rs9332239	star	chr10	94989020	C	T	0|0	HOM_REF
HG03069	CYP2C9	rs9332239	star	chr10	94989020	C	T	0|0	HOM_REF
HG04227	CYP2C9	rs9332239	star	chr10	94989020	C	T	0|0	HOM_REF
NA19007	CYP2C9	rs9332239	star	chr10	94989020	C	T	0|0	HOM_REF
NA21120	CYP2C9	rs9332239	star	chr10	94989020	C	T	0|0	HOM_REF
HG01892	SLCO1B1	rs556524705	star	chr12	21172675	G	C	0|0	HOM_REF
HG01061	SLCO1B1	rs556524705	star	chr12	21172675	G	C	0|0	HOM_REF
NA20299	SLCO1B1	rs556524705	star	chr12	21172675	G	C	0|0	HOM_REF
NA21091	SLCO1B1	rs556524705	star	chr12	21172675	G	C	0|0	HOM_REF
HG00367	SLCO1B1	rs556524705	star	chr12	21172675	G	C	0|0	HOM_REF
NA18939	SLCO1B1	rs556524705	star	chr12	21172675	G	C	0|0	HOM_REF
HG03069	SLCO1B1	rs556524705	star	chr12	21172675	G	C	0|0	HOM_REF
HG04227	SLCO1B1	rs556524705	star	chr12	21172675	G	C	0|0	HOM_REF
NA19007	SLCO1B1	rs556524705	star	chr12	21172675	G	C	0|0	HOM_REF
NA21120	SLCO1B1	rs556524705	star	chr12	21172675	G	C	0|0	HOM_REF
HG01892	SLCO1B1	rs2306283	star	chr12	21176804	A	G	1|1	HOM_ALT
HG01061	SLCO1B1	rs2306283	star	chr12	21176804	A	G	1|1	HOM_ALT
NA20299	SLCO1B1	rs2306283	star	chr12	21176804	A	G	0|1	HET
NA21091	SLCO1B1	rs2306283	star	chr12	21176804	A	G	1|1	HOM_ALT
HG00367	SLCO1B1	rs2306283	star	chr12	21176804	A	G	1|1	HOM_ALT
NA18939	SLCO1B1	rs2306283	star	chr12	21176804	A	G	0|1	HET
HG03069	SLCO1B1	rs2306283	star	chr12	21176804	A	G	1|1	HOM_ALT
HG04227	SLCO1B1	rs2306283	star	chr12	21176804	A	G	1|1	HOM_ALT
NA19007	SLCO1B1	rs2306283	star	chr12	21176804	A	G	1|1	HOM_ALT
NA21120	SLCO1B1	rs2306283	star	chr12	21176804	A	G	1|1	HOM_ALT
HG01892	SLCO1B1	rs2306282	star	chr12	21176868	A	G	0|0	HOM_REF
HG01061	SLCO1B1	rs2306282	star	chr12	21176868	A	G	0|0	HOM_REF
NA20299	SLCO1B1	rs2306282	star	chr12	21176868	A	G	0|0	HOM_REF
NA21091	SLCO1B1	rs2306282	star	chr12	21176868	A	G	0|0	HOM_REF
HG00367	SLCO1B1	rs2306282	star	chr12	21176868	A	G	0|0	HOM_REF
NA18939	SLCO1B1	rs2306282	star	chr12	21176868	A	G	0|0	HOM_REF
HG03069	SLCO1B1	rs2306282	star	chr12	21176868	A	G	0|0	HOM_REF
HG04227	SLCO1B1	rs2306282	star	chr12	21176868	A	G	0|0	HOM_REF
NA19007	SLCO1B1	rs2306282	star	chr12	21176868	A	G	0|0	HOM_REF
NA21120	SLCO1B1	rs2306282	star	chr12	21176868	A	G	0|0	HOM_REF
HG01892	SLCO1B1	rs145144129	star	chr12	21176871	G	C	0|0	HOM_REF
HG01061	SLCO1B1	rs145144129	star	chr12	21176871	G	C	0|0	HOM_REF
NA20299	SLCO1B1	rs145144129	star	chr12	21176871	G	C	0|0	HOM_REF
NA21091	SLCO1B1	rs145144129	star	chr12	21176871	G	C	0|0	HOM_REF
HG00367	SLCO1B1	rs145144129	star	chr12	21176871	G	C	0|0	HOM_REF
NA18939	SLCO1B1	rs145144129	star	chr12	21176871	G	C	0|0	HOM_REF
HG03069	SLCO1B1	rs145144129	star	chr12	21176871	G	C	0|0	HOM_REF
HG04227	SLCO1B1	rs145144129	star	chr12	21176871	G	C	0|0	HOM_REF
NA19007	SLCO1B1	rs145144129	star	chr12	21176871	G	C	0|0	HOM_REF
NA21120	SLCO1B1	rs145144129	star	chr12	21176871	G	C	0|0	HOM_REF
HG01892	SLCO1B1	rs11045819	star	chr12	21176879	C	A	0|0	HOM_REF
HG01061	SLCO1B1	rs11045819	star	chr12	21176879	C	A	1|1	HOM_ALT
NA20299	SLCO1B1	rs11045819	star	chr12	21176879	C	A	0|0	HOM_REF
NA21091	SLCO1B1	rs11045819	star	chr12	21176879	C	A	0|0	HOM_REF
HG00367	SLCO1B1	rs11045819	star	chr12	21176879	C	A	0|0	HOM_REF
NA18939	SLCO1B1	rs11045819	star	chr12	21176879	C	A	0|0	HOM_REF
HG03069	SLCO1B1	rs11045819	star	chr12	21176879	C	A	0|0	HOM_REF
HG04227	SLCO1B1	rs11045819	star	chr12	21176879	C	A	0|0	HOM_REF
NA19007	SLCO1B1	rs11045819	star	chr12	21176879	C	A	0|0	HOM_REF
NA21120	SLCO1B1	rs11045819	star	chr12	21176879	C	A	0|0	HOM_REF
HG01892	SLCO1B1	rs77271279	star	chr12	21176898	G	T	0|0	HOM_REF
HG01061	SLCO1B1	rs77271279	star	chr12	21176898	G	T	0|0	HOM_REF
NA20299	SLCO1B1	rs77271279	star	chr12	21176898	G	T	0|0	HOM_REF
NA21091	SLCO1B1	rs77271279	star	chr12	21176898	G	T	0|0	HOM_REF
HG00367	SLCO1B1	rs77271279	star	chr12	21176898	G	T	0|0	HOM_REF
NA18939	SLCO1B1	rs77271279	star	chr12	21176898	G	T	0|0	HOM_REF
HG03069	SLCO1B1	rs77271279	star	chr12	21176898	G	T	0|0	HOM_REF
HG04227	SLCO1B1	rs77271279	star	chr12	21176898	G	T	0|0	HOM_REF
NA19007	SLCO1B1	rs77271279	star	chr12	21176898	G	T	0|0	HOM_REF
NA21120	SLCO1B1	rs77271279	star	chr12	21176898	G	T	0|0	HOM_REF
HG01892	SLCO1B1	rs4149056	snp	chr12	21178615	T	C	0|1	HET
HG01061	SLCO1B1	rs4149056	snp	chr12	21178615	T	C	0|0	HOM_REF
NA20299	SLCO1B1	rs4149056	snp	chr12	21178615	T	C	0|0	HOM_REF
NA21091	SLCO1B1	rs4149056	snp	chr12	21178615	T	C	0|0	HOM_REF
HG00367	SLCO1B1	rs4149056	snp	chr12	21178615	T	C	0|0	HOM_REF
NA18939	SLCO1B1	rs4149056	snp	chr12	21178615	T	C	0|0	HOM_REF
HG03069	SLCO1B1	rs4149056	snp	chr12	21178615	T	C	0|0	HOM_REF
HG04227	SLCO1B1	rs4149056	snp	chr12	21178615	T	C	0|0	HOM_REF
NA19007	SLCO1B1	rs4149056	snp	chr12	21178615	T	C	0|0	HOM_REF
NA21120	SLCO1B1	rs4149056	snp	chr12	21178615	T	C	0|0	HOM_REF
HG01892	SLCO1B1	rs201722521	star	chr12	21178926	A	G	0|0	HOM_REF
HG01061	SLCO1B1	rs201722521	star	chr12	21178926	A	G	0|0	HOM_REF
NA20299	SLCO1B1	rs201722521	star	chr12	21178926	A	G	0|0	HOM_REF
NA21091	SLCO1B1	rs201722521	star	chr12	21178926	A	G	0|0	HOM_REF
HG00367	SLCO1B1	rs201722521	star	chr12	21178926	A	G	0|0	HOM_REF
NA18939	SLCO1B1	rs201722521	star	chr12	21178926	A	G	0|0	HOM_REF
HG03069	SLCO1B1	rs201722521	star	chr12	21178926	A	G	0|0	HOM_REF
HG04227	SLCO1B1	rs201722521	star	chr12	21178926	A	G	0|1	HET
NA19007	SLCO1B1	rs201722521	star	chr12	21178926	A	G	0|0	HOM_REF
NA21120	SLCO1B1	rs201722521	star	chr12	21178926	A	G	0|0	HOM_REF
HG01892	SLCO1B1	rs79135870	star	chr12	21178957	A	G	0|0	HOM_REF
HG01061	SLCO1B1	rs79135870	star	chr12	21178957	A	G	0|0	HOM_REF
NA20299	SLCO1B1	rs79135870	star	chr12	21178957	A	G	0|0	HOM_REF
NA21091	SLCO1B1	rs79135870	star	chr12	21178957	A	G	0|0	HOM_REF
HG00367	SLCO1B1	rs79135870	star	chr12	21178957	A	G	0|0	HOM_REF
NA18939	SLCO1B1	rs79135870	star	chr12	21178957	A	G	0|0	HOM_REF
HG03069	SLCO1B1	rs79135870	star	chr12	21178957	A	G	0|0	HOM_REF
HG04227	SLCO1B1	rs79135870	star	chr12	21178957	A	G	0|0	HOM_REF
NA19007	SLCO1B1	rs79135870	star	chr12	21178957	A	G	0|0	HOM_REF
NA21120	SLCO1B1	rs79135870	star	chr12	21178957	A	G	0|0	HOM_REF
HG01892	SLCO1B1	rs11045852	star	chr12	21196951	A	G	0|0	HOM_REF
HG01061	SLCO1B1	rs11045852	star	chr12	21196951	A	G	0|0	HOM_REF
NA20299	SLCO1B1	rs11045852	star	chr12	21196951	A	G	0|0	HOM_REF
NA21091	SLCO1B1	rs11045852	star	chr12	21196951	A	G	0|0	HOM_REF
HG00367	SLCO1B1	rs11045852	star	chr12	21196951	A	G	0|0	HOM_REF
NA18939	SLCO1B1	rs11045852	star	chr12	21196951	A	G	0|0	HOM_REF
HG03069	SLCO1B1	rs11045852	star	chr12	21196951	A	G	0|0	HOM_REF
HG04227	SLCO1B1	rs11045852	star	chr12	21196951	A	G	0|1	HET
NA19007	SLCO1B1	rs11045852	star	chr12	21196951	A	G	0|0	HOM_REF
NA21120	SLCO1B1	rs11045852	star	chr12	21196951	A	G	0|0	HOM_REF
HG01892	SLCO1B1	rs183501729	star	chr12	21196975	C	T	0|0	HOM_REF
HG01061	SLCO1B1	rs183501729	star	chr12	21196975	C	T	0|0	HOM_REF
NA20299	SLCO1B1	rs183501729	star	chr12	21196975	C	T	0|0	HOM_REF
NA21091	SLCO1B1	rs183501729	star	chr12	21196975	C	T	0|0	HOM_REF
HG00367	SLCO1B1	rs183501729	star	chr12	21196975	C	T	0|0	HOM_REF
NA18939	SLCO1B1	rs183501729	star	chr12	21196975	C	T	0|0	HOM_REF
HG03069	SLCO1B1	rs183501729	star	chr12	21196975	C	T	0|0	HOM_REF
HG04227	SLCO1B1	rs183501729	star	chr12	21196975	C	T	0|0	HOM_REF
NA19007	SLCO1B1	rs183501729	star	chr12	21196975	C	T	0|0	HOM_REF
NA21120	SLCO1B1	rs183501729	star	chr12	21196975	C	T	0|0	HOM_REF
HG01892	SLCO1B1	rs11045853	star	chr12	21196976	G	A	0|0	HOM_REF
HG01061	SLCO1B1	rs11045853	star	chr12	21196976	G	A	0|0	HOM_REF
NA20299	SLCO1B1	rs11045853	star	chr12	21196976	G	A	0|0	HOM_REF
NA21091	SLCO1B1	rs11045853	star	chr12	21196976	G	A	0|0	HOM_REF
HG00367	SLCO1B1	rs11045853	star	chr12	21196976	G	A	0|0	HOM_REF
NA18939	SLCO1B1	rs11045853	star	chr12	21196976	G	A	0|0	HOM_REF
HG03069	SLCO1B1	rs11045853	star	chr12	21196976	G	A	0|0	HOM_REF
HG04227	SLCO1B1	rs11045853	star	chr12	21196976	G	A	0|0	HOM_REF
NA19007	SLCO1B1	rs11045853	star	chr12	21196976	G	A	0|0	HOM_REF
NA21120	SLCO1B1	rs11045853	star	chr12	21196976	G	A	0|0	HOM_REF
HG01892	SLCO1B1	rs72559747	star	chr12	21200544	C	G	0|0	HOM_REF
HG01061	SLCO1B1	rs72559747	star	chr12	21200544	C	G	0|0	HOM_REF
NA20299	SLCO1B1	rs72559747	star	chr12	21200544	C	G	0|0	HOM_REF
NA21091	SLCO1B1	rs72559747	star	chr12	21200544	C	G	0|0	HOM_REF
HG00367	SLCO1B1	rs72559747	star	chr12	21200544	C	G	0|0	HOM_REF
NA18939	SLCO1B1	rs72559747	star	chr12	21200544	C	G	0|0	HOM_REF
HG03069	SLCO1B1	rs72559747	star	chr12	21200544	C	G	0|0	HOM_REF
HG04227	SLCO1B1	rs72559747	star	chr12	21200544	C	G	0|0	HOM_REF
NA19007	SLCO1B1	rs72559747	star	chr12	21200544	C	G	0|0	HOM_REF
NA21120	SLCO1B1	rs72559747	star	chr12	21200544	C	G	0|0	HOM_REF
HG01892	SLCO1B1	rs59113707	star	chr12	21202555	C	G	0|0	HOM_REF
HG01061	SLCO1B1	rs59113707	star	chr12	21202555	C	G	0|0	HOM_REF
NA20299	SLCO1B1	rs59113707	star	chr12	21202555	C	G	0|0	HOM_REF
NA21091	SLCO1B1	rs59113707	star	chr12	21202555	C	G	0|0	HOM_REF
HG00367	SLCO1B1	rs59113707	star	chr12	21202555	C	G	0|0	HOM_REF
NA18939	SLCO1B1	rs59113707	star	chr12	21202555	C	G	0|0	HOM_REF
HG03069	SLCO1B1	rs59113707	star	chr12	21202555	C	G	0|0	HOM_REF
HG04227	SLCO1B1	rs59113707	star	chr12	21202555	C	G	0|0	HOM_REF
NA19007	SLCO1B1	rs59113707	star	chr12	21202555	C	G	0|0	HOM_REF
NA21120	SLCO1B1	rs59113707	star	chr12	21202555	C	G	0|0	HOM_REF
HG01892	SLCO1B1	rs59502379	star	chr12	21205999	G	C	0|0	HOM_REF
HG01061	SLCO1B1	rs59502379	star	chr12	21205999	G	C	0|0	HOM_REF
NA20299	SLCO1B1	rs59502379	star	chr12	21205999	G	C	0|0	HOM_REF
NA21091	SLCO1B1	rs59502379	star	chr12	21205999	G	C	0|0	HOM_REF
HG00367	SLCO1B1	rs59502379	star	chr12	21205999	G	C	0|0	HOM_REF
NA18939	SLCO1B1	rs59502379	star	chr12	21205999	G	C	0|0	HOM_REF
HG03069	SLCO1B1	rs59502379	star	chr12	21205999	G	C	0|0	HOM_REF
HG04227	SLCO1B1	rs59502379	star	chr12	21205999	G	C	0|0	HOM_REF
NA19007	SLCO1B1	rs59502379	star	chr12	21205999	G	C	0|0	HOM_REF
NA21120	SLCO1B1	rs59502379	star	chr12	21205999	G	C	0|0	HOM_REF
HG01892	SLCO1B1	rs74064213	star	chr12	21206031	A	G	0|0	HOM_REF
HG01061	SLCO1B1	rs74064213	star	chr12	21206031	A	G	0|0	HOM_REF
NA20299	SLCO1B1	rs74064213	star	chr12	21206031	A	G	0|0	HOM_REF
NA21091	SLCO1B1	rs74064213	star	chr12	21206031	A	G	0|0	HOM_REF
HG00367	SLCO1B1	rs74064213	star	chr12	21206031	A	G	0|0	HOM_REF
NA18939	SLCO1B1	rs74064213	star	chr12	21206031	A	G	0|0	HOM_REF
HG03069	SLCO1B1	rs74064213	star	chr12	21206031	A	G	0|0	HOM_REF
HG04227	SLCO1B1	rs74064213	star	chr12	21206031	A	G	0|0	HOM_REF
NA19007	SLCO1B1	rs74064213	star	chr12	21206031	A	G	0|0	HOM_REF
NA21120	SLCO1B1	rs74064213	star	chr12	21206031	A	G	0|0	HOM_REF
HG01892	SLCO1B1	rs71581941	star	chr12	21222355	C	T	0|0	HOM_REF
HG01061	SLCO1B1	rs71581941	star	chr12	21222355	C	T	0|0	HOM_REF
NA20299	SLCO1B1	rs71581941	star	chr12	21222355	C	T	0|0	HOM_REF
NA21091	SLCO1B1	rs71581941	star	chr12	21222355	C	T	0|0	HOM_REF
HG00367	SLCO1B1	rs71581941	star	chr12	21222355	C	T	0|0	HOM_REF
NA18939	SLCO1B1	rs71581941	star	chr12	21222355	C	T	0|0	HOM_REF
HG03069	SLCO1B1	rs71581941	star	chr12	21222355	C	T	0|0	HOM_REF
HG04227	SLCO1B1	rs71581941	star	chr12	21222355	C	T	0|0	HOM_REF
NA19007	SLCO1B1	rs71581941	star	chr12	21222355	C	T	0|0	HOM_REF
NA21120	SLCO1B1	rs71581941	star	chr12	21222355	C	T	0|0	HOM_REF
HG01892	SLCO1B1	rs200994482	star	chr12	21224840	G	A	0|0	HOM_REF
HG01061	SLCO1B1	rs200994482	star	chr12	21224840	G	A	0|0	HOM_REF
NA20299	SLCO1B1	rs200994482	star	chr12	21224840	G	A	0|0	HOM_REF
NA21091	SLCO1B1	rs200994482	star	chr12	21224840	G	A	0|0	HOM_REF
HG00367	SLCO1B1	rs200994482	star	chr12	21224840	G	A	0|0	HOM_REF
NA18939	SLCO1B1	rs200994482	star	chr12	21224840	G	A	0|0	HOM_REF
HG03069	SLCO1B1	rs200994482	star	chr12	21224840	G	A	0|0	HOM_REF
HG04227	SLCO1B1	rs200994482	star	chr12	21224840	G	A	0|0	HOM_REF
NA19007	SLCO1B1	rs200994482	star	chr12	21224840	G	A	0|0	HOM_REF
NA21120	SLCO1B1	rs200994482	star	chr12	21224840	G	A	0|0	HOM_REF
HG01892	SLCO1B1	rs34671512	star	chr12	21239042	A	C	0|0	HOM_REF
HG01061	SLCO1B1	rs34671512	star	chr12	21239042	A	C	0|0	HOM_REF
NA20299	SLCO1B1	rs34671512	star	chr12	21239042	A	C	0|0	HOM_REF
NA21091	SLCO1B1	rs34671512	star	chr12	21239042	A	C	0|0	HOM_REF
HG00367	SLCO1B1	rs34671512	star	chr12	21239042	A	C	0|0	HOM_REF
NA18939	SLCO1B1	rs34671512	star	chr12	21239042	A	C	0|0	HOM_REF
HG03069	SLCO1B1	rs34671512	star	chr12	21239042	A	C	0|0	HOM_REF
HG04227	SLCO1B1	rs34671512	star	chr12	21239042	A	C	0|1	HET
NA19007	SLCO1B1	rs34671512	star	chr12	21239042	A	C	0|0	HOM_REF
NA21120	SLCO1B1	rs34671512	star	chr12	21239042	A	C	0|0	HOM_REF
HG01892	SLCO1B1	rs140790673	star	chr12	21239158	C	T	0|0	HOM_REF
HG01061	SLCO1B1	rs140790673	star	chr12	21239158	C	T	0|0	HOM_REF
NA20299	SLCO1B1	rs140790673	star	chr12	21239158	C	T	0|0	HOM_REF
NA21091	SLCO1B1	rs140790673	star	chr12	21239158	C	T	0|0	HOM_REF
HG00367	SLCO1B1	rs140790673	star	chr12	21239158	C	T	0|0	HOM_REF
NA18939	SLCO1B1	rs140790673	star	chr12	21239158	C	T	0|0	HOM_REF
HG03069	SLCO1B1	rs140790673	star	chr12	21239158	C	T	0|0	HOM_REF
HG04227	SLCO1B1	rs140790673	star	chr12	21239158	C	T	0|0	HOM_REF
NA19007	SLCO1B1	rs140790673	star	chr12	21239158	C	T	0|0	HOM_REF
NA21120	SLCO1B1	rs140790673	star	chr12	21239158	C	T	0|0	HOM_REF
HG01892	VKORC1	rs9923231	snp	chr16	31096368	C	T	0|0	HOM_REF
HG01061	VKORC1	rs9923231	snp	chr16	31096368	C	T	0|1	HET
NA20299	VKORC1	rs9923231	snp	chr16	31096368	C	T	0|1	HET
NA21091	VKORC1	rs9923231	snp	chr16	31096368	C	T	1|0	HET
HG00367	VKORC1	rs9923231	snp	chr16	31096368	C	T	1|0	HET
NA18939	VKORC1	rs9923231	snp	chr16	31096368	C	T	0|1	HET
HG03069	VKORC1	rs9923231	snp	chr16	31096368	C	T	0|0	HOM_REF
HG04227	VKORC1	rs9923231	snp	chr16	31096368	C	T	0|0	HOM_REF
NA19007	VKORC1	rs9923231	snp	chr16	31096368	C	T	1|1	HOM_ALT
NA21120	VKORC1	rs9923231	snp	chr16	31096368	C	T	0|0	HOM_REF
HG01892	CYP4F2	rs3093200	snp	chr19	15878779	G	T	0|0	HOM_REF
HG01061	CYP4F2	rs3093200	snp	chr19	15878779	G	T	0|0	HOM_REF
NA20299	CYP4F2	rs3093200	snp	chr19	15878779	G	T	0|0	HOM_REF
NA21091	CYP4F2	rs3093200	snp	chr19	15878779	G	T	0|0	HOM_REF
HG00367	CYP4F2	rs3093200	snp	chr19	15878779	G	T	1|0	HET
NA18939	CYP4F2	rs3093200	snp	chr19	15878779	G	T	0|0	HOM_REF
HG03069	CYP4F2	rs3093200	snp	chr19	15878779	G	T	0|0	HOM_REF
HG04227	CYP4F2	rs3093200	snp	chr19	15878779	G	T	0|0	HOM_REF
NA19007	CYP4F2	rs3093200	snp	chr19	15878779	G	T	0|0	HOM_REF
NA21120	CYP4F2	rs3093200	snp	chr19	15878779	G	T	0|0	HOM_REF
HG01892	CYP4F2	rs3952537	snp	chr19	15878886	G	A	0|0	HOM_REF
HG01061	CYP4F2	rs3952537	snp	chr19	15878886	G	A	0|0	HOM_REF
NA20299	CYP4F2	rs3952537	snp	chr19	15878886	G	A	0|0	HOM_REF
NA21091	CYP4F2	rs3952537	snp	chr19	15878886	G	A	0|0	HOM_REF
HG00367	CYP4F2	rs3952537	snp	chr19	15878886	G	A	0|0	HOM_REF
NA18939	CYP4F2	rs3952537	snp	chr19	15878886	G	A	0|0	HOM_REF
HG03069	CYP4F2	rs3952537	snp	chr19	15878886	G	A	0|0	HOM_REF
HG04227	CYP4F2	rs3952537	snp	chr19	15878886	G	A	0|0	HOM_REF
NA19007	CYP4F2	rs3952537	snp	chr19	15878886	G	A	0|0	HOM_REF
NA21120	CYP4F2	rs3952537	snp	chr19	15878886	G	A	0|0	HOM_REF
HG01892	CYP4F2	rs3952537	snp	chr19	15878886	G	C	0|0	HOM_REF
HG01061	CYP4F2	rs3952537	snp	chr19	15878886	G	C	0|0	HOM_REF
NA20299	CYP4F2	rs3952537	snp	chr19	15878886	G	C	0|0	HOM_REF
NA21091	CYP4F2	rs3952537	snp	chr19	15878886	G	C	0|0	HOM_REF
HG00367	CYP4F2	rs3952537	snp	chr19	15878886	G	C	0|0	HOM_REF
NA18939	CYP4F2	rs3952537	snp	chr19	15878886	G	C	0|0	HOM_REF
HG03069	CYP4F2	rs3952537	snp	chr19	15878886	G	C	0|0	HOM_REF
HG04227	CYP4F2	rs3952537	snp	chr19	15878886	G	C	0|0	HOM_REF
NA19007	CYP4F2	rs3952537	snp	chr19	15878886	G	C	0|0	HOM_REF
NA21120	CYP4F2	rs3952537	snp	chr19	15878886	G	C	0|0	HOM_REF
HG01892	CYP4F2	rs138971789	snp	chr19	15879412	C	T	0|0	HOM_REF
HG01061	CYP4F2	rs138971789	snp	chr19	15879412	C	T	0|0	HOM_REF
NA20299	CYP4F2	rs138971789	snp	chr19	15879412	C	T	0|0	HOM_REF
NA21091	CYP4F2	rs138971789	snp	chr19	15879412	C	T	0|0	HOM_REF
HG00367	CYP4F2	rs138971789	snp	chr19	15879412	C	T	0|0	HOM_REF
NA18939	CYP4F2	rs138971789	snp	chr19	15879412	C	T	0|0	HOM_REF
HG03069	CYP4F2	rs138971789	snp	chr19	15879412	C	T	0|0	HOM_REF
HG04227	CYP4F2	rs138971789	snp	chr19	15879412	C	T	0|0	HOM_REF
NA19007	CYP4F2	rs138971789	snp	chr19	15879412	C	T	0|0	HOM_REF
NA21120	CYP4F2	rs138971789	snp	chr19	15879412	C	T	0|0	HOM_REF
HG01892	CYP4F2	rs142113670	snp	chr19	15879413	G	A	0|0	HOM_REF
HG01061	CYP4F2	rs142113670	snp	chr19	15879413	G	A	0|0	HOM_REF
NA20299	CYP4F2	rs142113670	snp	chr19	15879413	G	A	0|0	HOM_REF
NA21091	CYP4F2	rs142113670	snp	chr19	15879413	G	A	0|0	HOM_REF
HG00367	CYP4F2	rs142113670	snp	chr19	15879413	G	A	0|0	HOM_REF
NA18939	CYP4F2	rs142113670	snp	chr19	15879413	G	A	0|0	HOM_REF
HG03069	CYP4F2	rs142113670	snp	chr19	15879413	G	A	0|0	HOM_REF
HG04227	CYP4F2	rs142113670	snp	chr19	15879413	G	A	0|0	HOM_REF
NA19007	CYP4F2	rs142113670	snp	chr19	15879413	G	A	0|0	HOM_REF
NA21120	CYP4F2	rs142113670	snp	chr19	15879413	G	A	0|0	HOM_REF
HG01892	CYP4F2	rs2108622	snp	chr19	15879621	C	T	0|0	HOM_REF
HG01061	CYP4F2	rs2108622	snp	chr19	15879621	C	T	1|0	HET
NA20299	CYP4F2	rs2108622	snp	chr19	15879621	C	T	0|0	HOM_REF
NA21091	CYP4F2	rs2108622	snp	chr19	15879621	C	T	1|1	HOM_ALT
HG00367	CYP4F2	rs2108622	snp	chr19	15879621	C	T	0|1	HET
NA18939	CYP4F2	rs2108622	snp	chr19	15879621	C	T	0|0	HOM_REF
HG03069	CYP4F2	rs2108622	snp	chr19	15879621	C	T	0|0	HOM_REF
HG04227	CYP4F2	rs2108622	snp	chr19	15879621	C	T	1|0	HET
NA19007	CYP4F2	rs2108622	snp	chr19	15879621	C	T	0|1	HET
NA21120	CYP4F2	rs2108622	snp	chr19	15879621	C	T	1|1	HOM_ALT
HG01892	CYP4F2	rs145174239	snp	chr19	15886018	G	C	0|0	HOM_REF
HG01061	CYP4F2	rs145174239	snp	chr19	15886018	G	C	0|0	HOM_REF
NA20299	CYP4F2	rs145174239	snp	chr19	15886018	G	C	0|0	HOM_REF
NA21091	CYP4F2	rs145174239	snp	chr19	15886018	G	C	0|0	HOM_REF
HG00367	CYP4F2	rs145174239	snp	chr19	15886018	G	C	0|0	HOM_REF
NA18939	CYP4F2	rs145174239	snp	chr19	15886018	G	C	0|0	HOM_REF
HG03069	CYP4F2	rs145174239	snp	chr19	15886018	G	C	0|0	HOM_REF
HG04227	CYP4F2	rs145174239	snp	chr19	15886018	G	C	0|0	HOM_REF
NA19007	CYP4F2	rs145174239	snp	chr19	15886018	G	C	0|0	HOM_REF
NA21120	CYP4F2	rs145174239	snp	chr19	15886018	G	C	0|0	HOM_REF
HG01892	CYP4F2	rs144233412	snp	chr19	15889671	C	A	0|0	HOM_REF
HG01061	CYP4F2	rs144233412	snp	chr19	15889671	C	A	0|0	HOM_REF
NA20299	CYP4F2	rs144233412	snp	chr19	15889671	C	A	0|0	HOM_REF
NA21091	CYP4F2	rs144233412	snp	chr19	15889671	C	A	0|0	HOM_REF
HG00367	CYP4F2	rs144233412	snp	chr19	15889671	C	A	0|0	HOM_REF
NA18939	CYP4F2	rs144233412	snp	chr19	15889671	C	A	0|0	HOM_REF
HG03069	CYP4F2	rs144233412	snp	chr19	15889671	C	A	0|0	HOM_REF
HG04227	CYP4F2	rs144233412	snp	chr19	15889671	C	A	0|0	HOM_REF
NA19007	CYP4F2	rs144233412	snp	chr19	15889671	C	A	0|0	HOM_REF
NA21120	CYP4F2	rs144233412	snp	chr19	15889671	C	A	0|0	HOM_REF
HG01892	CYP4F2	rs3093153	snp	chr19	15890405	C	A	0|0	HOM_REF
HG01061	CYP4F2	rs3093153	snp	chr19	15890405	C	A	0|1	HET
NA20299	CYP4F2	rs3093153	snp	chr19	15890405	C	A	0|0	HOM_REF
NA21091	CYP4F2	rs3093153	snp	chr19	15890405	C	A	0|0	HOM_REF
HG00367	CYP4F2	rs3093153	snp	chr19	15890405	C	A	0|0	HOM_REF
NA18939	CYP4F2	rs3093153	snp	chr19	15890405	C	A	0|0	HOM_REF
HG03069	CYP4F2	rs3093153	snp	chr19	15890405	C	A	0|0	HOM_REF
HG04227	CYP4F2	rs3093153	snp	chr19	15890405	C	A	0|0	HOM_REF
NA19007	CYP4F2	rs3093153	snp	chr19	15890405	C	A	0|0	HOM_REF
NA21120	CYP4F2	rs3093153	snp	chr19	15890405	C	A	0|0	HOM_REF
HG01892	CYP4F2	rs145875499	snp	chr19	15892541	C	T	0|0	HOM_REF
HG01061	CYP4F2	rs145875499	snp	chr19	15892541	C	T	0|0	HOM_REF
NA20299	CYP4F2	rs145875499	snp	chr19	15892541	C	T	0|0	HOM_REF
NA21091	CYP4F2	rs145875499	snp	chr19	15892541	C	T	0|0	HOM_REF
HG00367	CYP4F2	rs145875499	snp	chr19	15892541	C	T	0|0	HOM_REF
NA18939	CYP4F2	rs145875499	snp	chr19	15892541	C	T	0|0	HOM_REF
HG03069	CYP4F2	rs145875499	snp	chr19	15892541	C	T	0|0	HOM_REF
HG04227	CYP4F2	rs145875499	snp	chr19	15892541	C	T	0|0	HOM_REF
NA19007	CYP4F2	rs145875499	snp	chr19	15892541	C	T	0|0	HOM_REF
NA21120	CYP4F2	rs145875499	snp	chr19	15892541	C	T	0|0	HOM_REF
HG01892	CYP4F2	rs150579280	snp	chr19	15895551	T	C	0|0	HOM_REF
HG01061	CYP4F2	rs150579280	snp	chr19	15895551	T	C	0|0	HOM_REF
NA20299	CYP4F2	rs150579280	snp	chr19	15895551	T	C	0|0	HOM_REF
NA21091	CYP4F2	rs150579280	snp	chr19	15895551	T	C	0|0	HOM_REF
HG00367	CYP4F2	rs150579280	snp	chr19	15895551	T	C	0|0	HOM_REF
NA18939	CYP4F2	rs150579280	snp	chr19	15895551	T	C	0|0	HOM_REF
HG03069	CYP4F2	rs150579280	snp	chr19	15895551	T	C	0|0	HOM_REF
HG04227	CYP4F2	rs150579280	snp	chr19	15895551	T	C	0|0	HOM_REF
NA19007	CYP4F2	rs150579280	snp	chr19	15895551	T	C	0|0	HOM_REF
NA21120	CYP4F2	rs150579280	snp	chr19	15895551	T	C	0|0	HOM_REF
HG01892	CYP4F2	rs144455532	snp	chr19	15895560	G	T	0|0	HOM_REF
HG01061	CYP4F2	rs144455532	snp	chr19	15895560	G	T	0|0	HOM_REF
NA20299	CYP4F2	rs144455532	snp	chr19	15895560	G	T	0|0	HOM_REF
NA21091	CYP4F2	rs144455532	snp	chr19	15895560	G	T	0|0	HOM_REF
HG00367	CYP4F2	rs144455532	snp	chr19	15895560	G	T	0|0	HOM_REF
NA18939	CYP4F2	rs144455532	snp	chr19	15895560	G	T	0|0	HOM_REF
HG03069	CYP4F2	rs144455532	snp	chr19	15895560	G	T	0|0	HOM_REF
HG04227	CYP4F2	rs144455532	snp	chr19	15895560	G	T	0|0	HOM_REF
NA19007	CYP4F2	rs144455532	snp	chr19	15895560	G	T	0|0	HOM_REF
NA21120	CYP4F2	rs144455532	snp	chr19	15895560	G	T	0|0	HOM_REF
HG01892	CYP4F2	rs201380574	snp	chr19	15897466	C	T	0|0	HOM_REF
HG01061	CYP4F2	rs201380574	snp	chr19	15897466	C	T	0|0	HOM_REF
NA20299	CYP4F2	rs201380574	snp	chr19	15897466	C	T	0|0	HOM_REF
NA21091	CYP4F2	rs201380574	snp	chr19	15897466	C	T	0|0	HOM_REF
HG00367	CYP4F2	rs201380574	snp	chr19	15897466	C	T	0|0	HOM_REF
NA18939	CYP4F2	rs201380574	snp	chr19	15897466	C	T	0|0	HOM_REF
HG03069	CYP4F2	rs201380574	snp	chr19	15897466	C	T	0|0	HOM_REF
HG04227	CYP4F2	rs201380574	snp	chr19	15897466	C	T	0|0	HOM_REF
NA19007	CYP4F2	rs201380574	snp	chr19	15897466	C	T	0|0	HOM_REF
NA21120	CYP4F2	rs201380574	snp	chr19	15897466	C	T	0|0	HOM_REF
HG01892	CYP4F2	rs115517770	snp	chr19	15897473	G	A	0|0	HOM_REF
HG01061	CYP4F2	rs115517770	snp	chr19	15897473	G	A	0|0	HOM_REF
NA20299	CYP4F2	rs115517770	snp	chr19	15897473	G	A	0|0	HOM_REF
NA21091	CYP4F2	rs115517770	snp	chr19	15897473	G	A	0|0	HOM_REF
HG00367	CYP4F2	rs115517770	snp	chr19	15897473	G	A	0|0	HOM_REF
NA18939	CYP4F2	rs115517770	snp	chr19	15897473	G	A	0|0	HOM_REF
HG03069	CYP4F2	rs115517770	snp	chr19	15897473	G	A	0|0	HOM_REF
HG04227	CYP4F2	rs115517770	snp	chr19	15897473	G	A	0|0	HOM_REF
NA19007	CYP4F2	rs115517770	snp	chr19	15897473	G	A	0|0	HOM_REF
NA21120	CYP4F2	rs115517770	snp	chr19	15897473	G	A	0|0	HOM_REF
HG01892	CYP4F2	rs114099324	snp	chr19	15897566	C	G	0|0	HOM_REF
HG01061	CYP4F2	rs114099324	snp	chr19	15897566	C	G	0|0	HOM_REF
NA20299	CYP4F2	rs114099324	snp	chr19	15897566	C	G	0|0	HOM_REF
NA21091	CYP4F2	rs114099324	snp	chr19	15897566	C	G	0|0	HOM_REF
HG00367	CYP4F2	rs114099324	snp	chr19	15897566	C	G	0|0	HOM_REF
NA18939	CYP4F2	rs114099324	snp	chr19	15897566	C	G	0|0	HOM_REF
HG03069	CYP4F2	rs114099324	snp	chr19	15897566	C	G	0|0	HOM_REF
HG04227	CYP4F2	rs114099324	snp	chr19	15897566	C	G	0|0	HOM_REF
NA19007	CYP4F2	rs114099324	snp	chr19	15897566	C	G	0|0	HOM_REF
NA21120	CYP4F2	rs114099324	snp	chr19	15897566	C	G	0|0	HOM_REF
HG01892	CYP4F2	rs3093105	snp	chr19	15897578	A	C	0|0	HOM_REF
HG01061	CYP4F2	rs3093105	snp	chr19	15897578	A	C	1|0	HET
NA20299	CYP4F2	rs3093105	snp	chr19	15897578	A	C	0|0	HOM_REF
NA21091	CYP4F2	rs3093105	snp	chr19	15897578	A	C	1|0	HET
HG00367	CYP4F2	rs3093105	snp	chr19	15897578	A	C	0|0	HOM_REF
NA18939	CYP4F2	rs3093105	snp	chr19	15897578	A	C	0|0	HOM_REF
HG03069	CYP4F2	rs3093105	snp	chr19	15897578	A	C	0|0	HOM_REF
HG04227	CYP4F2	rs3093105	snp	chr19	15897578	A	C	0|0	HOM_REF
NA19007	CYP4F2	rs3093105	snp	chr19	15897578	A	C	0|0	HOM_REF
NA21120	CYP4F2	rs3093105	snp	chr19	15897578	A	C	1|1	HOM_ALT
HG01892	CYP2B6	rs34223104	star	chr19	40991224	T	C	0|0	HOM_REF
HG01061	CYP2B6	rs34223104	star	chr19	40991224	T	C	0|0	HOM_REF
NA20299	CYP2B6	rs34223104	star	chr19	40991224	T	C	0|0	HOM_REF
NA21091	CYP2B6	rs34223104	star	chr19	40991224	T	C	0|0	HOM_REF
HG00367	CYP2B6	rs34223104	star	chr19	40991224	T	C	0|0	HOM_REF
NA18939	CYP2B6	rs34223104	star	chr19	40991224	T	C	0|0	HOM_REF
HG03069	CYP2B6	rs34223104	star	chr19	40991224	T	C	1|1	HOM_ALT
HG04227	CYP2B6	rs34223104	star	chr19	40991224	T	C	0|0	HOM_REF
NA19007	CYP2B6	rs34223104	star	chr19	40991224	T	C	0|0	HOM_REF
NA21120	CYP2B6	rs34223104	star	chr19	40991224	T	C	0|0	HOM_REF
HG01892	CYP2B6	rs34883432	star	chr19	40991367	A	T	0|0	HOM_REF
HG01061	CYP2B6	rs34883432	star	chr19	40991367	A	T	0|0	HOM_REF
NA20299	CYP2B6	rs34883432	star	chr19	40991367	A	T	0|0	HOM_REF
NA21091	CYP2B6	rs34883432	star	chr19	40991367	A	T	0|0	HOM_REF
HG00367	CYP2B6	rs34883432	star	chr19	40991367	A	T	0|0	HOM_REF
NA18939	CYP2B6	rs34883432	star	chr19	40991367	A	T	0|0	HOM_REF
HG03069	CYP2B6	rs34883432	star	chr19	40991367	A	T	0|0	HOM_REF
HG04227	CYP2B6	rs34883432	star	chr19	40991367	A	T	0|0	HOM_REF
NA19007	CYP2B6	rs34883432	star	chr19	40991367	A	T	0|0	HOM_REF
NA21120	CYP2B6	rs34883432	star	chr19	40991367	A	T	0|0	HOM_REF
HG01892	CYP2B6	rs8192709	star	chr19	40991369	C	T	0|0	HOM_REF
HG01061	CYP2B6	rs8192709	star	chr19	40991369	C	T	0|0	HOM_REF
NA20299	CYP2B6	rs8192709	star	chr19	40991369	C	T	0|0	HOM_REF
NA21091	CYP2B6	rs8192709	star	chr19	40991369	C	T	0|1	HET
HG00367	CYP2B6	rs8192709	star	chr19	40991369	C	T	0|0	HOM_REF
NA18939	CYP2B6	rs8192709	star	chr19	40991369	C	T	0|0	HOM_REF
HG03069	CYP2B6	rs8192709	star	chr19	40991369	C	T	0|0	HOM_REF
HG04227	CYP2B6	rs8192709	star	chr19	40991369	C	T	0|0	HOM_REF
NA19007	CYP2B6	rs8192709	star	chr19	40991369	C	T	0|0	HOM_REF
NA21120	CYP2B6	rs8192709	star	chr19	40991369	C	T	0|0	HOM_REF
HG01892	CYP2B6	rs33973337	star	chr19	40991381	A	T	0|0	HOM_REF
HG01061	CYP2B6	rs33973337	star	chr19	40991381	A	T	0|0	HOM_REF
NA20299	CYP2B6	rs33973337	star	chr19	40991381	A	T	0|0	HOM_REF
NA21091	CYP2B6	rs33973337	star	chr19	40991381	A	T	0|0	HOM_REF
HG00367	CYP2B6	rs33973337	star	chr19	40991381	A	T	0|0	HOM_REF
NA18939	CYP2B6	rs33973337	star	chr19	40991381	A	T	0|0	HOM_REF
HG03069	CYP2B6	rs33973337	star	chr19	40991381	A	T	0|0	HOM_REF
HG04227	CYP2B6	rs33973337	star	chr19	40991381	A	T	0|0	HOM_REF
NA19007	CYP2B6	rs33973337	star	chr19	40991381	A	T	0|0	HOM_REF
NA21120	CYP2B6	rs33973337	star	chr19	40991381	A	T	0|0	HOM_REF
HG01892	CYP2B6	rs35303484	star	chr19	40991441	A	G	0|0	HOM_REF
HG01061	CYP2B6	rs35303484	star	chr19	40991441	A	G	0|0	HOM_REF
NA20299	CYP2B6	rs35303484	star	chr19	40991441	A	G	0|0	HOM_REF
NA21091	CYP2B6	rs35303484	star	chr19	40991441	A	G	0|0	HOM_REF
HG00367	CYP2B6	rs35303484	star	chr19	40991441	A	G	0|0	HOM_REF
NA18939	CYP2B6	rs35303484	star	chr19	40991441	A	G	0|0	HOM_REF
HG03069	CYP2B6	rs35303484	star	chr19	40991441	A	G	0|0	HOM_REF
HG04227	CYP2B6	rs35303484	star	chr19	40991441	A	G	0|0	HOM_REF
NA19007	CYP2B6	rs35303484	star	chr19	40991441	A	G	0|0	HOM_REF
NA21120	CYP2B6	rs35303484	star	chr19	40991441	A	G	0|0	HOM_REF
HG01892	CYP2B6	rs36060847	star	chr19	41004125	G	A	0|0	HOM_REF
HG01061	CYP2B6	rs36060847	star	chr19	41004125	G	A	0|0	HOM_REF
NA20299	CYP2B6	rs36060847	star	chr19	41004125	G	A	0|0	HOM_REF
NA21091	CYP2B6	rs36060847	star	chr19	41004125	G	A	0|0	HOM_REF
HG00367	CYP2B6	rs36060847	star	chr19	41004125	G	A	0|0	HOM_REF
NA18939	CYP2B6	rs36060847	star	chr19	41004125	G	A	0|0	HOM_REF
HG03069	CYP2B6	rs36060847	star	chr19	41004125	G	A	0|0	HOM_REF
HG04227	CYP2B6	rs36060847	star	chr19	41004125	G	A	0|0	HOM_REF
NA19007	CYP2B6	rs36060847	star	chr19	41004125	G	A	0|0	HOM_REF
NA21120	CYP2B6	rs36060847	star	chr19	41004125	G	A	0|0	HOM_REF
HG01892	CYP2B6	rs186335453	star	chr19	41004158	G	T	0|0	HOM_REF
HG01061	CYP2B6	rs186335453	star	chr19	41004158	G	T	0|0	HOM_REF
NA20299	CYP2B6	rs186335453	star	chr19	41004158	G	T	0|0	HOM_REF
NA21091	CYP2B6	rs186335453	star	chr19	41004158	G	T	0|0	HOM_REF
HG00367	CYP2B6	rs186335453	star	chr19	41004158	G	T	0|0	HOM_REF
NA18939	CYP2B6	rs186335453	star	chr19	41004158	G	T	0|0	HOM_REF
HG03069	CYP2B6	rs186335453	star	chr19	41004158	G	T	0|0	HOM_REF
HG04227	CYP2B6	rs186335453	star	chr19	41004158	G	T	0|0	HOM_REF
NA19007	CYP2B6	rs186335453	star	chr19	41004158	G	T	0|0	HOM_REF
NA21120	CYP2B6	rs186335453	star	chr19	41004158	G	T	0|0	HOM_REF
HG01892	CYP2B6	rs139801276	star	chr19	41004303	T	C	0|0	HOM_REF
HG01061	CYP2B6	rs139801276	star	chr19	41004303	T	C	0|0	HOM_REF
NA20299	CYP2B6	rs139801276	star	chr19	41004303	T	C	0|0	HOM_REF
NA21091	CYP2B6	rs139801276	star	chr19	41004303	T	C	0|0	HOM_REF
HG00367	CYP2B6	rs139801276	star	chr19	41004303	T	C	0|0	HOM_REF
NA18939	CYP2B6	rs139801276	star	chr19	41004303	T	C	0|0	HOM_REF
HG03069	CYP2B6	rs139801276	star	chr19	41004303	T	C	0|0	HOM_REF
HG04227	CYP2B6	rs139801276	star	chr19	41004303	T	C	0|0	HOM_REF
NA19007	CYP2B6	rs139801276	star	chr19	41004303	T	C	0|0	HOM_REF
NA21120	CYP2B6	rs139801276	star	chr19	41004303	T	C	0|0	HOM_REF
HG01892	CYP2B6	rs12721655	star	chr19	41004377	A	G	0|0	HOM_REF
HG01061	CYP2B6	rs12721655	star	chr19	41004377	A	G	0|0	HOM_REF
NA20299	CYP2B6	rs12721655	star	chr19	41004377	A	G	0|0	HOM_REF
NA21091	CYP2B6	rs12721655	star	chr19	41004377	A	G	0|0	HOM_REF
HG00367	CYP2B6	rs12721655	star	chr19	41004377	A	G	0|0	HOM_REF
NA18939	CYP2B6	rs12721655	star	chr19	41004377	A	G	0|0	HOM_REF
HG03069	CYP2B6	rs12721655	star	chr19	41004377	A	G	0|0	HOM_REF
HG04227	CYP2B6	rs12721655	star	chr19	41004377	A	G	0|0	HOM_REF
NA19007	CYP2B6	rs12721655	star	chr19	41004377	A	G	0|0	HOM_REF
NA21120	CYP2B6	rs12721655	star	chr19	41004377	A	G	0|0	HOM_REF
HG01892	CYP2B6	rs35773040	star	chr19	41004381	G	A	0|0	HOM_REF
HG01061	CYP2B6	rs35773040	star	chr19	41004381	G	A	0|0	HOM_REF
NA20299	CYP2B6	rs35773040	star	chr19	41004381	G	A	0|0	HOM_REF
NA21091	CYP2B6	rs35773040	star	chr19	41004381	G	A	0|0	HOM_REF
HG00367	CYP2B6	rs35773040	star	chr19	41004381	G	A	0|0	HOM_REF
NA18939	CYP2B6	rs35773040	star	chr19	41004381	G	A	0|0	HOM_REF
HG03069	CYP2B6	rs35773040	star	chr19	41004381	G	A	0|0	HOM_REF
HG04227	CYP2B6	rs35773040	star	chr19	41004381	G	A	0|0	HOM_REF
NA19007	CYP2B6	rs35773040	star	chr19	41004381	G	A	0|0	HOM_REF
NA21120	CYP2B6	rs35773040	star	chr19	41004381	G	A	0|0	HOM_REF
HG01892	CYP2B6	rs145884402	star	chr19	41004406	G	T	0|0	HOM_REF
HG01061	CYP2B6	rs145884402	star	chr19	41004406	G	T	0|0	HOM_REF
NA20299	CYP2B6	rs145884402	star	chr19	41004406	G	T	0|0	HOM_REF
NA21091	CYP2B6	rs145884402	star	chr19	41004406	G	T	0|0	HOM_REF
HG00367	CYP2B6	rs145884402	star	chr19	41004406	G	T	0|0	HOM_REF
NA18939	CYP2B6	rs145884402	star	chr19	41004406	G	T	0|0	HOM_REF
HG03069	CYP2B6	rs145884402	star	chr19	41004406	G	T	0|0	HOM_REF
HG04227	CYP2B6	rs145884402	star	chr19	41004406	G	T	0|0	HOM_REF
NA19007	CYP2B6	rs145884402	star	chr19	41004406	G	T	0|0	HOM_REF
NA21120	CYP2B6	rs145884402	star	chr19	41004406	G	T	0|0	HOM_REF
HG01892	CYP2B6	rs141666881	star	chr19	41004435	G	A	0|0	HOM_REF
HG01061	CYP2B6	rs141666881	star	chr19	41004435	G	A	0|0	HOM_REF
NA20299	CYP2B6	rs141666881	star	chr19	41004435	G	A	0|0	HOM_REF
NA21091	CYP2B6	rs141666881	star	chr19	41004435	G	A	0|0	HOM_REF
HG00367	CYP2B6	rs141666881	star	chr19	41004435	G	A	0|0	HOM_REF
NA18939	CYP2B6	rs141666881	star	chr19	41004435	G	A	0|0	HOM_REF
HG03069	CYP2B6	rs141666881	star	chr19	41004435	G	A	1|0	HET
HG04227	CYP2B6	rs141666881	star	chr19	41004435	G	A	0|0	HOM_REF
NA19007	CYP2B6	rs141666881	star	chr19	41004435	G	A	0|0	HOM_REF
NA21120	CYP2B6	rs141666881	star	chr19	41004435	G	A	0|0	HOM_REF
HG01892	CYP2B6	rs3826711	star	chr19	41006919	C	G	0|0	HOM_REF
HG01061	CYP2B6	rs3826711	star	chr19	41006919	C	G	0|0	HOM_REF
NA20299	CYP2B6	rs3826711	star	chr19	41006919	C	G	0|0	HOM_REF
NA21091	CYP2B6	rs3826711	star	chr19	41006919	C	G	0|0	HOM_REF
HG00367	CYP2B6	rs3826711	star	chr19	41006919	C	G	0|0	HOM_REF
NA18939	CYP2B6	rs3826711	star	chr19	41006919	C	G	0|0	HOM_REF
HG03069	CYP2B6	rs3826711	star	chr19	41006919	C	G	0|0	HOM_REF
HG04227	CYP2B6	rs3826711	star	chr19	41006919	C	G	0|0	HOM_REF
NA19007	CYP2B6	rs3826711	star	chr19	41006919	C	G	0|0	HOM_REF
NA21120	CYP2B6	rs3826711	star	chr19	41006919	C	G	0|0	HOM_REF
HG01892	CYP2B6	rs36056539	star	chr19	41006923	C	T	0|0	HOM_REF
HG01061	CYP2B6	rs36056539	star	chr19	41006923	C	T	0|0	HOM_REF
NA20299	CYP2B6	rs36056539	star	chr19	41006923	C	T	0|0	HOM_REF
NA21091	CYP2B6	rs36056539	star	chr19	41006923	C	T	0|0	HOM_REF
HG00367	CYP2B6	rs36056539	star	chr19	41006923	C	T	0|0	HOM_REF
NA18939	CYP2B6	rs36056539	star	chr19	41006923	C	T	0|0	HOM_REF
HG03069	CYP2B6	rs36056539	star	chr19	41006923	C	T	0|0	HOM_REF
HG04227	CYP2B6	rs36056539	star	chr19	41006923	C	T	0|0	HOM_REF
NA19007	CYP2B6	rs36056539	star	chr19	41006923	C	T	0|0	HOM_REF
NA21120	CYP2B6	rs36056539	star	chr19	41006923	C	T	0|0	HOM_REF
HG01892	CYP2B6	rs3745274	star	chr19	41006936	G	T	1|0	HET
HG01061	CYP2B6	rs3745274	star	chr19	41006936	G	T	1|1	HOM_ALT
NA20299	CYP2B6	rs3745274	star	chr19	41006936	G	T	0|0	HOM_REF
NA21091	CYP2B6	rs3745274	star	chr19	41006936	G	T	0|0	HOM_REF
HG00367	CYP2B6	rs3745274	star	chr19	41006936	G	T	0|0	HOM_REF
NA18939	CYP2B6	rs3745274	star	chr19	41006936	G	T	0|0	HOM_REF
HG03069	CYP2B6	rs3745274	star	chr19	41006936	G	T	0|0	HOM_REF
HG04227	CYP2B6	rs3745274	star	chr19	41006936	G	T	0|1	HET
NA19007	CYP2B6	rs3745274	star	chr19	41006936	G	T	0|0	HOM_REF
NA21120	CYP2B6	rs3745274	star	chr19	41006936	G	T	1|0	HET
HG01892	CYP2B6	rs58871670	star	chr19	41006967	G	A	0|0	HOM_REF
HG01061	CYP2B6	rs58871670	star	chr19	41006967	G	A	0|0	HOM_REF
NA20299	CYP2B6	rs58871670	star	chr19	41006967	G	A	0|0	HOM_REF
NA21091	CYP2B6	rs58871670	star	chr19	41006967	G	A	0|0	HOM_REF
HG00367	CYP2B6	rs58871670	star	chr19	41006967	G	A	0|0	HOM_REF
NA18939	CYP2B6	rs58871670	star	chr19	41006967	G	A	0|0	HOM_REF
HG03069	CYP2B6	rs58871670	star	chr19	41006967	G	A	0|0	HOM_REF
HG04227	CYP2B6	rs58871670	star	chr19	41006967	G	A	0|0	HOM_REF
NA19007	CYP2B6	rs58871670	star	chr19	41006967	G	A	0|0	HOM_REF
NA21120	CYP2B6	rs58871670	star	chr19	41006967	G	A	0|0	HOM_REF
HG01892	CYP2B6	rs36079186	star	chr19	41007013	T	C	0|0	HOM_REF
HG01061	CYP2B6	rs36079186	star	chr19	41007013	T	C	0|0	HOM_REF
NA20299	CYP2B6	rs36079186	star	chr19	41007013	T	C	0|0	HOM_REF
NA21091	CYP2B6	rs36079186	star	chr19	41007013	T	C	0|0	HOM_REF
HG00367	CYP2B6	rs36079186	star	chr19	41007013	T	C	0|0	HOM_REF
NA18939	CYP2B6	rs36079186	star	chr19	41007013	T	C	0|0	HOM_REF
HG03069	CYP2B6	rs36079186	star	chr19	41007013	T	C	0|0	HOM_REF
HG04227	CYP2B6	rs36079186	star	chr19	41007013	T	C	0|0	HOM_REF
NA19007	CYP2B6	rs36079186	star	chr19	41007013	T	C	0|0	HOM_REF
NA21120	CYP2B6	rs36079186	star	chr19	41007013	T	C	0|0	HOM_REF
HG01892	CYP2B6	rs45482602	star	chr19	41009350	C	A	0|0	HOM_REF
HG01061	CYP2B6	rs45482602	star	chr19	41009350	C	A	0|0	HOM_REF
NA20299	CYP2B6	rs45482602	star	chr19	41009350	C	A	0|0	HOM_REF
NA21091	CYP2B6	rs45482602	star	chr19	41009350	C	A	0|0	HOM_REF
HG00367	CYP2B6	rs45482602	star	chr19	41009350	C	A	0|0	HOM_REF
NA18939	CYP2B6	rs45482602	star	chr19	41009350	C	A	0|0	HOM_REF
HG03069	CYP2B6	rs45482602	star	chr19	41009350	C	A	0|0	HOM_REF
HG04227	CYP2B6	rs45482602	star	chr19	41009350	C	A	0|0	HOM_REF
NA19007	CYP2B6	rs45482602	star	chr19	41009350	C	A	0|0	HOM_REF
NA21120	CYP2B6	rs45482602	star	chr19	41009350	C	A	0|0	HOM_REF
HG01892	CYP2B6	rs45482602	star	chr19	41009350	C	T	0|0	HOM_REF
HG01061	CYP2B6	rs45482602	star	chr19	41009350	C	T	0|0	HOM_REF
NA20299	CYP2B6	rs45482602	star	chr19	41009350	C	T	0|0	HOM_REF
NA21091	CYP2B6	rs45482602	star	chr19	41009350	C	T	0|0	HOM_REF
HG00367	CYP2B6	rs45482602	star	chr19	41009350	C	T	0|0	HOM_REF
NA18939	CYP2B6	rs45482602	star	chr19	41009350	C	T	0|0	HOM_REF
HG03069	CYP2B6	rs45482602	star	chr19	41009350	C	T	0|0	HOM_REF
HG04227	CYP2B6	rs45482602	star	chr19	41009350	C	T	0|0	HOM_REF
NA19007	CYP2B6	rs45482602	star	chr19	41009350	C	T	0|0	HOM_REF
NA21120	CYP2B6	rs45482602	star	chr19	41009350	C	T	0|0	HOM_REF
HG01892	CYP2B6	rs139029625	star	chr19	41010006	G	C	0|0	HOM_REF
HG01061	CYP2B6	rs139029625	star	chr19	41010006	G	C	0|0	HOM_REF
NA20299	CYP2B6	rs139029625	star	chr19	41010006	G	C	0|0	HOM_REF
NA21091	CYP2B6	rs139029625	star	chr19	41010006	G	C	0|0	HOM_REF
HG00367	CYP2B6	rs139029625	star	chr19	41010006	G	C	0|0	HOM_REF
NA18939	CYP2B6	rs139029625	star	chr19	41010006	G	C	0|0	HOM_REF
HG03069	CYP2B6	rs139029625	star	chr19	41010006	G	C	0|0	HOM_REF
HG04227	CYP2B6	rs139029625	star	chr19	41010006	G	C	0|0	HOM_REF
NA19007	CYP2B6	rs139029625	star	chr19	41010006	G	C	0|0	HOM_REF
NA21120	CYP2B6	rs139029625	star	chr19	41010006	G	C	0|0	HOM_REF
HG01892	CYP2B6	rs28399499	star	chr19	41012316	T	C	0|0	HOM_REF
HG01061	CYP2B6	rs28399499	star	chr19	41012316	T	C	0|0	HOM_REF
NA20299	CYP2B6	rs28399499	star	chr19	41012316	T	C	0|0	HOM_REF
NA21091	CYP2B6	rs28399499	star	chr19	41012316	T	C	0|0	HOM_REF
HG00367	CYP2B6	rs28399499	star	chr19	41012316	T	C	0|0	HOM_REF
NA18939	CYP2B6	rs28399499	star	chr19	41012316	T	C	0|0	HOM_REF
HG03069	CYP2B6	rs28399499	star	chr19	41012316	T	C	0|0	HOM_REF
HG04227	CYP2B6	rs28399499	star	chr19	41012316	T	C	0|0	HOM_REF
NA19007	CYP2B6	rs28399499	star	chr19	41012316	T	C	0|0	HOM_REF
NA21120	CYP2B6	rs28399499	star	chr19	41012316	T	C	0|0	HOM_REF
HG01892	CYP2B6	rs34826503	star	chr19	41012339	C	T	0|0	HOM_REF
HG01061	CYP2B6	rs34826503	star	chr19	41012339	C	T	0|0	HOM_REF
NA20299	CYP2B6	rs34826503	star	chr19	41012339	C	T	0|0	HOM_REF
NA21091	CYP2B6	rs34826503	star	chr19	41012339	C	T	0|0	HOM_REF
HG00367	CYP2B6	rs34826503	star	chr19	41012339	C	T	0|0	HOM_REF
NA18939	CYP2B6	rs34826503	star	chr19	41012339	C	T	0|0	HOM_REF
HG03069	CYP2B6	rs34826503	star	chr19	41012339	C	T	0|0	HOM_REF
HG04227	CYP2B6	rs34826503	star	chr19	41012339	C	T	0|0	HOM_REF
NA19007	CYP2B6	rs34826503	star	chr19	41012339	C	T	0|0	HOM_REF
NA21120	CYP2B6	rs34826503	star	chr19	41012339	C	T	0|0	HOM_REF
HG01892	CYP2B6	rs200238771	star	chr19	41012478	T	A	0|0	HOM_REF
HG01061	CYP2B6	rs200238771	star	chr19	41012478	T	A	0|0	HOM_REF
NA20299	CYP2B6	rs200238771	star	chr19	41012478	T	A	0|0	HOM_REF
NA21091	CYP2B6	rs200238771	star	chr19	41012478	T	A	0|0	HOM_REF
HG00367	CYP2B6	rs200238771	star	chr19	41012478	T	A	0|0	HOM_REF
NA18939	CYP2B6	rs200238771	star	chr19	41012478	T	A	0|0	HOM_REF
HG03069	CYP2B6	rs200238771	star	chr19	41012478	T	A	0|0	HOM_REF
HG04227	CYP2B6	rs200238771	star	chr19	41012478	T	A	0|0	HOM_REF
NA19007	CYP2B6	rs200238771	star	chr19	41012478	T	A	0|0	HOM_REF
NA21120	CYP2B6	rs200238771	star	chr19	41012478	T	A	0|0	HOM_REF
HG01892	CYP2B6	rs35979566	star	chr19	41012693	T	A	0|0	HOM_REF
HG01061	CYP2B6	rs35979566	star	chr19	41012693	T	A	0|0	HOM_REF
NA20299	CYP2B6	rs35979566	star	chr19	41012693	T	A	0|0	HOM_REF
NA21091	CYP2B6	rs35979566	star	chr19	41012693	T	A	0|0	HOM_REF
HG00367	CYP2B6	rs35979566	star	chr19	41012693	T	A	0|0	HOM_REF
NA18939	CYP2B6	rs35979566	star	chr19	41012693	T	A	0|0	HOM_REF
HG03069	CYP2B6	rs35979566	star	chr19	41012693	T	A	0|0	HOM_REF
HG04227	CYP2B6	rs35979566	star	chr19	41012693	T	A	0|0	HOM_REF
NA19007	CYP2B6	rs35979566	star	chr19	41012693	T	A	0|0	HOM_REF
NA21120	CYP2B6	rs35979566	star	chr19	41012693	T	A	0|0	HOM_REF
HG01892	CYP2B6	rs3211369	star	chr19	41016726	A	G	0|0	HOM_REF
HG01061	CYP2B6	rs3211369	star	chr19	41016726	A	G	0|0	HOM_REF
NA20299	CYP2B6	rs3211369	star	chr19	41016726	A	G	0|0	HOM_REF
NA21091	CYP2B6	rs3211369	star	chr19	41016726	A	G	0|0	HOM_REF
HG00367	CYP2B6	rs3211369	star	chr19	41016726	A	G	0|0	HOM_REF
NA18939	CYP2B6	rs3211369	star	chr19	41016726	A	G	0|0	HOM_REF
HG03069	CYP2B6	rs3211369	star	chr19	41016726	A	G	0|0	HOM_REF
HG04227	CYP2B6	rs3211369	star	chr19	41016726	A	G	0|0	HOM_REF
NA19007	CYP2B6	rs3211369	star	chr19	41016726	A	G	1|0	HET
NA21120	CYP2B6	rs3211369	star	chr19	41016726	A	G	0|0	HOM_REF
HG01892	CYP2B6	rs117872433	star	chr19	41016741	G	A	0|0	HOM_REF
HG01061	CYP2B6	rs117872433	star	chr19	41016741	G	A	0|0	HOM_REF
NA20299	CYP2B6	rs117872433	star	chr19	41016741	G	A	0|0	HOM_REF
NA21091	CYP2B6	rs117872433	star	chr19	41016741	G	A	0|0	HOM_REF
HG00367	CYP2B6	rs117872433	star	chr19	41016741	G	A	0|0	HOM_REF
NA18939	CYP2B6	rs117872433	star	chr19	41016741	G	A	0|0	HOM_REF
HG03069	CYP2B6	rs117872433	star	chr19	41016741	G	A	0|0	HOM_REF
HG04227	CYP2B6	rs117872433	star	chr19	41016741	G	A	0|0	HOM_REF
NA19007	CYP2B6	rs117872433	star	chr19	41016741	G	A	0|0	HOM_REF
NA21120	CYP2B6	rs117872433	star	chr19	41016741	G	A	0|0	HOM_REF
HG01892	CYP2B6	rs3211371	star	chr19	41016810	C	A	0|0	HOM_REF
HG01061	CYP2B6	rs3211371	star	chr19	41016810	C	A	0|0	HOM_REF
NA20299	CYP2B6	rs3211371	star	chr19	41016810	C	A	0|0	HOM_REF
NA21091	CYP2B6	rs3211371	star	chr19	41016810	C	A	0|0	HOM_REF
HG00367	CYP2B6	rs3211371	star	chr19	41016810	C	A	0|0	HOM_REF
NA18939	CYP2B6	rs3211371	star	chr19	41016810	C	A	0|0	HOM_REF
HG03069	CYP2B6	rs3211371	star	chr19	41016810	C	A	0|0	HOM_REF
HG04227	CYP2B6	rs3211371	star	chr19	41016810	C	A	0|0	HOM_REF
NA19007	CYP2B6	rs3211371	star	chr19	41016810	C	A	0|0	HOM_REF
NA21120	CYP2B6	rs3211371	star	chr19	41016810	C	A	0|0	HOM_REF
HG01892	CYP2B6	rs3211371	star	chr19	41016810	C	T	0|0	HOM_REF
HG01061	CYP2B6	rs3211371	star	chr19	41016810	C	T	0|0	HOM_REF
NA20299	CYP2B6	rs3211371	star	chr19	41016810	C	T	0|0	HOM_REF
NA21091	CYP2B6	rs3211371	star	chr19	41016810	C	T	0|0	HOM_REF
HG00367	CYP2B6	rs3211371	star	chr19	41016810	C	T	0|0	HOM_REF
NA18939	CYP2B6	rs3211371	star	chr19	41016810	C	T	0|0	HOM_REF
HG03069	CYP2B6	rs3211371	star	chr19	41016810	C	T	0|0	HOM_REF
HG04227	CYP2B6	rs3211371	star	chr19	41016810	C	T	1|0	HET
NA19007	CYP2B6	rs3211371	star	chr19	41016810	C	T	0|0	HOM_REF
NA21120	CYP2B6	rs3211371	star	chr19	41016810	C	T	0|0	HOM_REF
HG01892	CYP2D6	rs568495591	star	chr22	42126605	G	A	0|0	HOM_REF
HG01061	CYP2D6	rs568495591	star	chr22	42126605	G	A	0|0	HOM_REF
NA20299	CYP2D6	rs568495591	star	chr22	42126605	G	A	0|0	HOM_REF
NA21091	CYP2D6	rs568495591	star	chr22	42126605	G	A	0|0	HOM_REF
HG00367	CYP2D6	rs568495591	star	chr22	42126605	G	A	0|0	HOM_REF
NA18939	CYP2D6	rs568495591	star	chr22	42126605	G	A	0|0	HOM_REF
HG03069	CYP2D6	rs568495591	star	chr22	42126605	G	A	0|0	HOM_REF
HG04227	CYP2D6	rs568495591	star	chr22	42126605	G	A	0|0	HOM_REF
NA19007	CYP2D6	rs568495591	star	chr22	42126605	G	A	0|0	HOM_REF
NA21120	CYP2D6	rs568495591	star	chr22	42126605	G	A	0|0	HOM_REF
HG01892	CYP2D6	rs1135840	star	chr22	42126611	C	G	1|1	HOM_ALT
HG01061	CYP2D6	rs1135840	star	chr22	42126611	C	G	1|0	HET
NA20299	CYP2D6	rs1135840	star	chr22	42126611	C	G	0|1	HET
NA21091	CYP2D6	rs1135840	star	chr22	42126611	C	G	1|1	HOM_ALT
HG00367	CYP2D6	rs1135840	star	chr22	42126611	C	G	0|0	HOM_REF
NA18939	CYP2D6	rs1135840	star	chr22	42126611	C	G	1|1	HOM_ALT
HG03069	CYP2D6	rs1135840	star	chr22	42126611	C	G	1|1	HOM_ALT
HG04227	CYP2D6	rs1135840	star	chr22	42126611	C	G	0|0	HOM_REF
NA19007	CYP2D6	rs1135840	star	chr22	42126611	C	G	0|0	HOM_REF
NA21120	CYP2D6	rs1135840	star	chr22	42126611	C	G	1|0	HET
HG01892	CYP2D6	rs1135836	star	chr22	42126658	A	G	0|0	HOM_REF
HG01061	CYP2D6	rs1135836	star	chr22	42126658	A	G	0|0	HOM_REF
NA20299	CYP2D6	rs1135836	star	chr22	42126658	A	G	0|0	HOM_REF
NA21091	CYP2D6	rs1135836	star	chr22	42126658	A	G	0|0	HOM_REF
HG00367	CYP2D6	rs1135836	star	chr22	42126658	A	G	0|0	HOM_REF
NA18939	CYP2D6	rs1135836	star	chr22	42126658	A	G	0|0	HOM_REF
HG03069	CYP2D6	rs1135836	star	chr22	42126658	A	G	0|0	HOM_REF
HG04227	CYP2D6	rs1135836	star	chr22	42126658	A	G	0|0	HOM_REF
NA19007	CYP2D6	rs1135836	star	chr22	42126658	A	G	0|0	HOM_REF
NA21120	CYP2D6	rs1135836	star	chr22	42126658	A	G	0|0	HOM_REF
HG01892	CYP2D6	rs1135835	star	chr22	42126660	T	C	0|0	HOM_REF
HG01061	CYP2D6	rs1135835	star	chr22	42126660	T	C	0|0	HOM_REF
NA20299	CYP2D6	rs1135835	star	chr22	42126660	T	C	0|0	HOM_REF
NA21091	CYP2D6	rs1135835	star	chr22	42126660	T	C	0|0	HOM_REF
HG00367	CYP2D6	rs1135835	star	chr22	42126660	T	C	0|0	HOM_REF
NA18939	CYP2D6	rs1135835	star	chr22	42126660	T	C	0|0	HOM_REF
HG03069	CYP2D6	rs1135835	star	chr22	42126660	T	C	0|0	HOM_REF
HG04227	CYP2D6	rs1135835	star	chr22	42126660	T	C	0|0	HOM_REF
NA19007	CYP2D6	rs1135835	star	chr22	42126660	T	C	0|0	HOM_REF
NA21120	CYP2D6	rs1135835	star	chr22	42126660	T	C	0|0	HOM_REF
HG01892	CYP2D6	rs1135833	star	chr22	42126663	G	C	0|0	HOM_REF
HG01061	CYP2D6	rs1135833	star	chr22	42126663	G	C	0|0	HOM_REF
NA20299	CYP2D6	rs1135833	star	chr22	42126663	G	C	0|0	HOM_REF
NA21091	CYP2D6	rs1135833	star	chr22	42126663	G	C	0|0	HOM_REF
HG00367	CYP2D6	rs1135833	star	chr22	42126663	G	C	0|0	HOM_REF
NA18939	CYP2D6	rs1135833	star	chr22	42126663	G	C	0|0	HOM_REF
HG03069	CYP2D6	rs1135833	star	chr22	42126663	G	C	0|0	HOM_REF
HG04227	CYP2D6	rs1135833	star	chr22	42126663	G	C	0|0	HOM_REF
NA19007	CYP2D6	rs1135833	star	chr22	42126663	G	C	0|0	HOM_REF
NA21120	CYP2D6	rs1135833	star	chr22	42126663	G	C	0|0	HOM_REF
HG01892	CYP2D6	rs1135832	star	chr22	42126667	C	G	0|0	HOM_REF
HG01061	CYP2D6	rs1135832	star	chr22	42126667	C	G	0|0	HOM_REF
NA20299	CYP2D6	rs1135832	star	chr22	42126667	C	G	0|0	HOM_REF
NA21091	CYP2D6	rs1135832	star	chr22	42126667	C	G	0|0	HOM_REF
HG00367	CYP2D6	rs1135832	star	chr22	42126667	C	G	0|0	HOM_REF
NA18939	CYP2D6	rs1135832	star	chr22	42126667	C	G	0|0	HOM_REF
HG03069	CYP2D6	rs1135832	star	chr22	42126667	C	G	0|0	HOM_REF
HG04227	CYP2D6	rs1135832	star	chr22	42126667	C	G	0|0	HOM_REF
NA19007	CYP2D6	rs1135832	star	chr22	42126667	C	G	0|0	HOM_REF
NA21120	CYP2D6	rs1135832	star	chr22	42126667	C	G	0|0	HOM_REF
HG01892	CYP2D6	rs760940331	star	chr22	42126715	C	T	0|0	HOM_REF
HG01061	CYP2D6	rs760940331	star	chr22	42126715	C	T	0|0	HOM_REF
NA20299	CYP2D6	rs760940331	star	chr22	42126715	C	T	0|0	HOM_REF
NA21091	CYP2D6	rs760940331	star	chr22	42126715	C	T	0|0	HOM_REF
HG00367	CYP2D6	rs760940331	star	chr22	42126715	C	T	0|0	HOM_REF
NA18939	CYP2D6	rs760940331	star	chr22	42126715	C	T	0|0	HOM_REF
HG03069	CYP2D6	rs760940331	star	chr22	42126715	C	T	0|0	HOM_REF
HG04227	CYP2D6	rs760940331	star	chr22	42126715	C	T	0|0	HOM_REF
NA19007	CYP2D6	rs760940331	star	chr22	42126715	C	T	0|0	HOM_REF
NA21120	CYP2D6	rs760940331	star	chr22	42126715	C	T	0|0	HOM_REF
HG01892	CYP2D6	rs369177208	star	chr22	42126719	C	T	0|0	HOM_REF
HG01061	CYP2D6	rs369177208	star	chr22	42126719	C	T	0|0	HOM_REF
NA20299	CYP2D6	rs369177208	star	chr22	42126719	C	T	0|0	HOM_REF
NA21091	CYP2D6	rs369177208	star	chr22	42126719	C	T	0|0	HOM_REF
HG00367	CYP2D6	rs369177208	star	chr22	42126719	C	T	0|0	HOM_REF
NA18939	CYP2D6	rs369177208	star	chr22	42126719	C	T	0|0	HOM_REF
HG03069	CYP2D6	rs369177208	star	chr22	42126719	C	T	0|0	HOM_REF
HG04227	CYP2D6	rs369177208	star	chr22	42126719	C	T	0|0	HOM_REF
NA19007	CYP2D6	rs369177208	star	chr22	42126719	C	T	0|0	HOM_REF
NA21120	CYP2D6	rs369177208	star	chr22	42126719	C	T	0|0	HOM_REF
HG01892	CYP2D6	rs532668079	star	chr22	42126746	C	T	0|0	HOM_REF
HG01061	CYP2D6	rs532668079	star	chr22	42126746	C	T	0|0	HOM_REF
NA20299	CYP2D6	rs532668079	star	chr22	42126746	C	T	0|0	HOM_REF
NA21091	CYP2D6	rs532668079	star	chr22	42126746	C	T	0|0	HOM_REF
HG00367	CYP2D6	rs532668079	star	chr22	42126746	C	T	0|0	HOM_REF
NA18939	CYP2D6	rs532668079	star	chr22	42126746	C	T	0|0	HOM_REF
HG03069	CYP2D6	rs532668079	star	chr22	42126746	C	T	0|0	HOM_REF
HG04227	CYP2D6	rs532668079	star	chr22	42126746	C	T	0|0	HOM_REF
NA19007	CYP2D6	rs532668079	star	chr22	42126746	C	T	0|0	HOM_REF
NA21120	CYP2D6	rs532668079	star	chr22	42126746	C	T	0|0	HOM_REF
HG01892	CYP2D6	rs267608319	star	chr22	42126749	C	T	0|0	HOM_REF
HG01061	CYP2D6	rs267608319	star	chr22	42126749	C	T	0|0	HOM_REF
NA20299	CYP2D6	rs267608319	star	chr22	42126749	C	T	0|0	HOM_REF
NA21091	CYP2D6	rs267608319	star	chr22	42126749	C	T	0|0	HOM_REF
HG00367	CYP2D6	rs267608319	star	chr22	42126749	C	T	0|0	HOM_REF
NA18939	CYP2D6	rs267608319	star	chr22	42126749	C	T	0|0	HOM_REF
HG03069	CYP2D6	rs267608319	star	chr22	42126749	C	T	0|0	HOM_REF
HG04227	CYP2D6	rs267608319	star	chr22	42126749	C	T	0|0	HOM_REF
NA19007	CYP2D6	rs267608319	star	chr22	42126749	C	T	0|0	HOM_REF
NA21120	CYP2D6	rs267608319	star	chr22	42126749	C	T	0|0	HOM_REF
HG01892	CYP2D6	rs569439709	star	chr22	42126752	C	T	0|0	HOM_REF
HG01061	CYP2D6	rs569439709	star	chr22	42126752	C	T	0|0	HOM_REF
NA20299	CYP2D6	rs569439709	star	chr22	42126752	C	T	0|0	HOM_REF
NA21091	CYP2D6	rs569439709	star	chr22	42126752	C	T	0|0	HOM_REF
HG00367	CYP2D6	rs569439709	star	chr22	42126752	C	T	0|0	HOM_REF
NA18939	CYP2D6	rs569439709	star	chr22	42126752	C	T	0|0	HOM_REF
HG03069	CYP2D6	rs569439709	star	chr22	42126752	C	T	0|0	HOM_REF
HG04227	CYP2D6	rs569439709	star	chr22	42126752	C	T	0|0	HOM_REF
NA19007	CYP2D6	rs569439709	star	chr22	42126752	C	T	0|0	HOM_REF
NA21120	CYP2D6	rs569439709	star	chr22	42126752	C	T	0|0	HOM_REF
HG01892	CYP2D6	rs28371733	star	chr22	42126914	C	T	0|0	HOM_REF
HG01061	CYP2D6	rs28371733	star	chr22	42126914	C	T	0|0	HOM_REF
NA20299	CYP2D6	rs28371733	star	chr22	42126914	C	T	0|0	HOM_REF
NA21091	CYP2D6	rs28371733	star	chr22	42126914	C	T	0|0	HOM_REF
HG00367	CYP2D6	rs28371733	star	chr22	42126914	C	T	0|0	HOM_REF
NA18939	CYP2D6	rs28371733	star	chr22	42126914	C	T	0|0	HOM_REF
HG03069	CYP2D6	rs28371733	star	chr22	42126914	C	T	0|0	HOM_REF
HG04227	CYP2D6	rs28371733	star	chr22	42126914	C	T	0|0	HOM_REF
NA19007	CYP2D6	rs28371733	star	chr22	42126914	C	T	0|0	HOM_REF
NA21120	CYP2D6	rs28371733	star	chr22	42126914	C	T	0|0	HOM_REF
HG01892	CYP2D6	rs769157652	star	chr22	42126938	C	T	0|0	HOM_REF
HG01061	CYP2D6	rs769157652	star	chr22	42126938	C	T	0|0	HOM_REF
NA20299	CYP2D6	rs769157652	star	chr22	42126938	C	T	0|0	HOM_REF
NA21091	CYP2D6	rs769157652	star	chr22	42126938	C	T	0|0	HOM_REF
HG00367	CYP2D6	rs769157652	star	chr22	42126938	C	T	0|0	HOM_REF
NA18939	CYP2D6	rs769157652	star	chr22	42126938	C	T	0|0	HOM_REF
HG03069	CYP2D6	rs769157652	star	chr22	42126938	C	T	0|0	HOM_REF
HG04227	CYP2D6	rs769157652	star	chr22	42126938	C	T	0|0	HOM_REF
NA19007	CYP2D6	rs769157652	star	chr22	42126938	C	T	0|0	HOM_REF
NA21120	CYP2D6	rs769157652	star	chr22	42126938	C	T	0|0	HOM_REF
HG01892	CYP2D6	rs202102799	star	chr22	42127556	T	C	0|0	HOM_REF
HG01061	CYP2D6	rs202102799	star	chr22	42127556	T	C	0|0	HOM_REF
NA20299	CYP2D6	rs202102799	star	chr22	42127556	T	C	0|0	HOM_REF
NA21091	CYP2D6	rs202102799	star	chr22	42127556	T	C	0|0	HOM_REF
HG00367	CYP2D6	rs202102799	star	chr22	42127556	T	C	0|0	HOM_REF
NA18939	CYP2D6	rs202102799	star	chr22	42127556	T	C	0|0	HOM_REF
HG03069	CYP2D6	rs202102799	star	chr22	42127556	T	C	0|0	HOM_REF
HG04227	CYP2D6	rs202102799	star	chr22	42127556	T	C	0|0	HOM_REF
NA19007	CYP2D6	rs202102799	star	chr22	42127556	T	C	0|0	HOM_REF
NA21120	CYP2D6	rs202102799	star	chr22	42127556	T	C	0|0	HOM_REF
HG01892	CYP2D6	rs61736517	star	chr22	42127565	T	C	0|0	HOM_REF
HG01061	CYP2D6	rs61736517	star	chr22	42127565	T	C	0|0	HOM_REF
NA20299	CYP2D6	rs61736517	star	chr22	42127565	T	C	0|0	HOM_REF
NA21091	CYP2D6	rs61736517	star	chr22	42127565	T	C	0|0	HOM_REF
HG00367	CYP2D6	rs61736517	star	chr22	42127565	T	C	0|0	HOM_REF
NA18939	CYP2D6	rs61736517	star	chr22	42127565	T	C	0|0	HOM_REF
HG03069	CYP2D6	rs61736517	star	chr22	42127565	T	C	0|0	HOM_REF
HG04227	CYP2D6	rs61736517	star	chr22	42127565	T	C	0|0	HOM_REF
NA19007	CYP2D6	rs61736517	star	chr22	42127565	T	C	0|0	HOM_REF
NA21120	CYP2D6	rs61736517	star	chr22	42127565	T	C	0|0	HOM_REF
HG01892	CYP2D6	rs59421388	star	chr22	42127608	C	T	0|0	HOM_REF
HG01061	CYP2D6	rs59421388	star	chr22	42127608	C	T	0|0	HOM_REF
NA20299	CYP2D6	rs59421388	star	chr22	42127608	C	T	0|0	HOM_REF
NA21091	CYP2D6	rs59421388	star	chr22	42127608	C	T	0|0	HOM_REF
HG00367	CYP2D6	rs59421388	star	chr22	42127608	C	T	0|0	HOM_REF
NA18939	CYP2D6	rs59421388	star	chr22	42127608	C	T	0|0	HOM_REF
HG03069	CYP2D6	rs59421388	star	chr22	42127608	C	T	0|0	HOM_REF
HG04227	CYP2D6	rs59421388	star	chr22	42127608	C	T	0|0	HOM_REF
NA19007	CYP2D6	rs59421388	star	chr22	42127608	C	T	0|0	HOM_REF
NA21120	CYP2D6	rs59421388	star	chr22	42127608	C	T	0|0	HOM_REF
HG01892	CYP2D6	rs78209835	star	chr22	42127611	C	T	0|0	HOM_REF
HG01061	CYP2D6	rs78209835	star	chr22	42127611	C	T	0|0	HOM_REF
NA20299	CYP2D6	rs78209835	star	chr22	42127611	C	T	0|0	HOM_REF
NA21091	CYP2D6	rs78209835	star	chr22	42127611	C	T	0|0	HOM_REF
HG00367	CYP2D6	rs78209835	star	chr22	42127611	C	T	0|0	HOM_REF
NA18939	CYP2D6	rs78209835	star	chr22	42127611	C	T	0|0	HOM_REF
HG03069	CYP2D6	rs78209835	star	chr22	42127611	C	T	0|0	HOM_REF
HG04227	CYP2D6	rs78209835	star	chr22	42127611	C	T	0|0	HOM_REF
NA19007	CYP2D6	rs78209835	star	chr22	42127611	C	T	0|0	HOM_REF
NA21120	CYP2D6	rs78209835	star	chr22	42127611	C	T	0|0	HOM_REF
HG01892	CYP2D6	rs28371725	star	chr22	42127803	C	T	0|0	HOM_REF
HG01061	CYP2D6	rs28371725	star	chr22	42127803	C	T	0|0	HOM_REF
NA20299	CYP2D6	rs28371725	star	chr22	42127803	C	T	0|0	HOM_REF
NA21091	CYP2D6	rs28371725	star	chr22	42127803	C	T	0|0	HOM_REF
HG00367	CYP2D6	rs28371725	star	chr22	42127803	C	T	0|0	HOM_REF
NA18939	CYP2D6	rs28371725	star	chr22	42127803	C	T	0|0	HOM_REF
HG03069	CYP2D6	rs28371725	star	chr22	42127803	C	T	0|0	HOM_REF
HG04227	CYP2D6	rs28371725	star	chr22	42127803	C	T	0|0	HOM_REF
NA19007	CYP2D6	rs28371725	star	chr22	42127803	C	T	0|0	HOM_REF
NA21120	CYP2D6	rs28371725	star	chr22	42127803	C	T	0|0	HOM_REF
HG01892	CYP2D6	rs79292917	star	chr22	42127852	C	T	0|0	HOM_REF
HG01061	CYP2D6	rs79292917	star	chr22	42127852	C	T	0|0	HOM_REF
NA20299	CYP2D6	rs79292917	star	chr22	42127852	C	T	0|0	HOM_REF
NA21091	CYP2D6	rs79292917	star	chr22	42127852	C	T	0|0	HOM_REF
HG00367	CYP2D6	rs79292917	star	chr22	42127852	C	T	0|0	HOM_REF
NA18939	CYP2D6	rs79292917	star	chr22	42127852	C	T	0|0	HOM_REF
HG03069	CYP2D6	rs79292917	star	chr22	42127852	C	T	0|0	HOM_REF
HG04227	CYP2D6	rs79292917	star	chr22	42127852	C	T	0|0	HOM_REF
NA19007	CYP2D6	rs79292917	star	chr22	42127852	C	T	0|0	HOM_REF
NA21120	CYP2D6	rs79292917	star	chr22	42127852	C	T	0|0	HOM_REF
HG01892	CYP2D6	rs5030867	star	chr22	42127856	T	G	0|0	HOM_REF
HG01061	CYP2D6	rs5030867	star	chr22	42127856	T	G	0|0	HOM_REF
NA20299	CYP2D6	rs5030867	star	chr22	42127856	T	G	0|0	HOM_REF
NA21091	CYP2D6	rs5030867	star	chr22	42127856	T	G	0|0	HOM_REF
HG00367	CYP2D6	rs5030867	star	chr22	42127856	T	G	0|0	HOM_REF
NA18939	CYP2D6	rs5030867	star	chr22	42127856	T	G	0|0	HOM_REF
HG03069	CYP2D6	rs5030867	star	chr22	42127856	T	G	0|0	HOM_REF
HG04227	CYP2D6	rs5030867	star	chr22	42127856	T	G	0|0	HOM_REF
NA19007	CYP2D6	rs5030867	star	chr22	42127856	T	G	0|0	HOM_REF
NA21120	CYP2D6	rs5030867	star	chr22	42127856	T	G	0|0	HOM_REF
HG01892	CYP2D6	rs16947	star	chr22	42127941	G	A	1|1	HOM_ALT
HG01061	CYP2D6	rs16947	star	chr22	42127941	G	A	0|0	HOM_REF
NA20299	CYP2D6	rs16947	star	chr22	42127941	G	A	0|1	HET
NA21091	CYP2D6	rs16947	star	chr22	42127941	G	A	0|1	HET
HG00367	CYP2D6	rs16947	star	chr22	42127941	G	A	0|0	HOM_REF
NA18939	CYP2D6	rs16947	star	chr22	42127941	G	A	0|1	HET
HG03069	CYP2D6	rs16947	star	chr22	42127941	G	A	1|1	HOM_ALT
HG04227	CYP2D6	rs16947	star	chr22	42127941	G	A	0|0	HOM_REF
NA19007	CYP2D6	rs16947	star	chr22	42127941	G	A	0|0	HOM_REF
NA21120	CYP2D6	rs16947	star	chr22	42127941	G	A	0|0	HOM_REF
HG01892	CYP2D6	rs1135828	star	chr22	42128181	A	T	0|0	HOM_REF
HG01061	CYP2D6	rs1135828	star	chr22	42128181	A	T	0|0	HOM_REF
NA20299	CYP2D6	rs1135828	star	chr22	42128181	A	T	0|0	HOM_REF
NA21091	CYP2D6	rs1135828	star	chr22	42128181	A	T	0|0	HOM_REF
HG00367	CYP2D6	rs1135828	star	chr22	42128181	A	T	0|0	HOM_REF
NA18939	CYP2D6	rs1135828	star	chr22	42128181	A	T	0|0	HOM_REF
HG03069	CYP2D6	rs1135828	star	chr22	42128181	A	T	0|0	HOM_REF
HG04227	CYP2D6	rs1135828	star	chr22	42128181	A	T	0|0	HOM_REF
NA19007	CYP2D6	rs1135828	star	chr22	42128181	A	T	0|0	HOM_REF
NA21120	CYP2D6	rs1135828	star	chr22	42128181	A	T	0|0	HOM_REF
HG01892	CYP2D6	rs77913725	star	chr22	42128185	C	T	0|0	HOM_REF
HG01061	CYP2D6	rs77913725	star	chr22	42128185	C	T	0|0	HOM_REF
NA20299	CYP2D6	rs77913725	star	chr22	42128185	C	T	0|0	HOM_REF
NA21091	CYP2D6	rs77913725	star	chr22	42128185	C	T	0|0	HOM_REF
HG00367	CYP2D6	rs77913725	star	chr22	42128185	C	T	0|0	HOM_REF
NA18939	CYP2D6	rs77913725	star	chr22	42128185	C	T	0|0	HOM_REF
HG03069	CYP2D6	rs77913725	star	chr22	42128185	C	T	0|0	HOM_REF
HG04227	CYP2D6	rs77913725	star	chr22	42128185	C	T	0|0	HOM_REF
NA19007	CYP2D6	rs77913725	star	chr22	42128185	C	T	0|0	HOM_REF
NA21120	CYP2D6	rs77913725	star	chr22	42128185	C	T	0|0	HOM_REF
HG01892	CYP2D6	rs28371717	star	chr22	42128308	C	A	0|0	HOM_REF
HG01061	CYP2D6	rs28371717	star	chr22	42128308	C	A	0|0	HOM_REF
NA20299	CYP2D6	rs28371717	star	chr22	42128308	C	A	0|0	HOM_REF
NA21091	CYP2D6	rs28371717	star	chr22	42128308	C	A	0|0	HOM_REF
HG00367	CYP2D6	rs28371717	star	chr22	42128308	C	A	0|0	HOM_REF
NA18939	CYP2D6	rs28371717	star	chr22	42128308	C	A	0|0	HOM_REF
HG03069	CYP2D6	rs28371717	star	chr22	42128308	C	A	0|0	HOM_REF
HG04227	CYP2D6	rs28371717	star	chr22	42128308	C	A	0|0	HOM_REF
NA19007	CYP2D6	rs28371717	star	chr22	42128308	C	A	0|0	HOM_REF
NA21120	CYP2D6	rs28371717	star	chr22	42128308	C	A	0|0	HOM_REF
HG01892	CYP2D6	rs140900383	star	chr22	42128340	G	A	0|0	HOM_REF
HG01061	CYP2D6	rs140900383	star	chr22	42128340	G	A	0|0	HOM_REF
NA20299	CYP2D6	rs140900383	star	chr22	42128340	G	A	0|0	HOM_REF
NA21091	CYP2D6	rs140900383	star	chr22	42128340	G	A	0|0	HOM_REF
HG00367	CYP2D6	rs140900383	star	chr22	42128340	G	A	0|0	HOM_REF
NA18939	CYP2D6	rs140900383	star	chr22	42128340	G	A	0|0	HOM_REF
HG03069	CYP2D6	rs140900383	star	chr22	42128340	G	A	0|0	HOM_REF
HG04227	CYP2D6	rs140900383	star	chr22	42128340	G	A	0|0	HOM_REF
NA19007	CYP2D6	rs140900383	star	chr22	42128340	G	A	0|0	HOM_REF
NA21120	CYP2D6	rs140900383	star	chr22	42128340	G	A	0|0	HOM_REF
HG01892	CYP2D6	rs377725912	star	chr22	42128351	C	T	0|0	HOM_REF
HG01061	CYP2D6	rs377725912	star	chr22	42128351	C	T	0|0	HOM_REF
NA20299	CYP2D6	rs377725912	star	chr22	42128351	C	T	0|0	HOM_REF
NA21091	CYP2D6	rs377725912	star	chr22	42128351	C	T	0|0	HOM_REF
HG00367	CYP2D6	rs377725912	star	chr22	42128351	C	T	0|0	HOM_REF
NA18939	CYP2D6	rs377725912	star	chr22	42128351	C	T	0|0	HOM_REF
HG03069	CYP2D6	rs377725912	star	chr22	42128351	C	T	0|0	HOM_REF
HG04227	CYP2D6	rs377725912	star	chr22	42128351	C	T	0|0	HOM_REF
NA19007	CYP2D6	rs377725912	star	chr22	42128351	C	T	0|0	HOM_REF
NA21120	CYP2D6	rs377725912	star	chr22	42128351	C	T	0|0	HOM_REF
HG01892	CYP2D6	rs567606867	star	chr22	42128807	C	T	0|0	HOM_REF
HG01061	CYP2D6	rs567606867	star	chr22	42128807	C	T	0|0	HOM_REF
NA20299	CYP2D6	rs567606867	star	chr22	42128807	C	T	0|0	HOM_REF
NA21091	CYP2D6	rs567606867	star	chr22	42128807	C	T	0|0	HOM_REF
HG00367	CYP2D6	rs567606867	star	chr22	42128807	C	T	0|0	HOM_REF
NA18939	CYP2D6	rs567606867	star	chr22	42128807	C	T	0|0	HOM_REF
HG03069	CYP2D6	rs567606867	star	chr22	42128807	C	T	0|0	HOM_REF
HG04227	CYP2D6	rs567606867	star	chr22	42128807	C	T	0|0	HOM_REF
NA19007	CYP2D6	rs567606867	star	chr22	42128807	C	T	0|0	HOM_REF
NA21120	CYP2D6	rs567606867	star	chr22	42128807	C	T	0|0	HOM_REF
HG01892	CYP2D6	rs199535154	star	chr22	42128812	A	G	0|0	HOM_REF
HG01061	CYP2D6	rs199535154	star	chr22	42128812	A	G	0|0	HOM_REF
NA20299	CYP2D6	rs199535154	star	chr22	42128812	A	G	0|0	HOM_REF
NA21091	CYP2D6	rs199535154	star	chr22	42128812	A	G	0|0	HOM_REF
HG00367	CYP2D6	rs199535154	star	chr22	42128812	A	G	0|0	HOM_REF
NA18939	CYP2D6	rs199535154	star	chr22	42128812	A	G	0|0	HOM_REF
HG03069	CYP2D6	rs199535154	star	chr22	42128812	A	G	0|0	HOM_REF
HG04227	CYP2D6	rs199535154	star	chr22	42128812	A	G	0|0	HOM_REF
NA19007	CYP2D6	rs199535154	star	chr22	42128812	A	G	0|0	HOM_REF
NA21120	CYP2D6	rs199535154	star	chr22	42128812	A	G	0|0	HOM_REF
HG01892	CYP2D6	rs150163869	star	chr22	42128813	G	A	0|0	HOM_REF
HG01061	CYP2D6	rs150163869	star	chr22	42128813	G	A	0|0	HOM_REF
NA20299	CYP2D6	rs150163869	star	chr22	42128813	G	A	0|0	HOM_REF
NA21091	CYP2D6	rs150163869	star	chr22	42128813	G	A	0|0	HOM_REF
HG00367	CYP2D6	rs150163869	star	chr22	42128813	G	A	0|0	HOM_REF
NA18939	CYP2D6	rs150163869	star	chr22	42128813	G	A	0|0	HOM_REF
HG03069	CYP2D6	rs150163869	star	chr22	42128813	G	A	0|0	HOM_REF
HG04227	CYP2D6	rs150163869	star	chr22	42128813	G	A	0|0	HOM_REF
NA19007	CYP2D6	rs150163869	star	chr22	42128813	G	A	0|0	HOM_REF
NA21120	CYP2D6	rs150163869	star	chr22	42128813	G	A	0|0	HOM_REF
HG01892	CYP2D6	rs538707090	star	chr22	42128876	C	T	0|0	HOM_REF
HG01061	CYP2D6	rs538707090	star	chr22	42128876	C	T	0|0	HOM_REF
NA20299	CYP2D6	rs538707090	star	chr22	42128876	C	T	0|0	HOM_REF
NA21091	CYP2D6	rs538707090	star	chr22	42128876	C	T	0|0	HOM_REF
HG00367	CYP2D6	rs538707090	star	chr22	42128876	C	T	0|0	HOM_REF
NA18939	CYP2D6	rs538707090	star	chr22	42128876	C	T	0|0	HOM_REF
HG03069	CYP2D6	rs538707090	star	chr22	42128876	C	T	0|0	HOM_REF
HG04227	CYP2D6	rs538707090	star	chr22	42128876	C	T	0|0	HOM_REF
NA19007	CYP2D6	rs538707090	star	chr22	42128876	C	T	0|0	HOM_REF
NA21120	CYP2D6	rs538707090	star	chr22	42128876	C	T	0|0	HOM_REF
HG01892	CYP2D6	rs556882139	star	chr22	42128932	C	T	0|0	HOM_REF
HG01061	CYP2D6	rs556882139	star	chr22	42128932	C	T	0|0	HOM_REF
NA20299	CYP2D6	rs556882139	star	chr22	42128932	C	T	0|0	HOM_REF
NA21091	CYP2D6	rs556882139	star	chr22	42128932	C	T	0|0	HOM_REF
HG00367	CYP2D6	rs556882139	star	chr22	42128932	C	T	0|0	HOM_REF
NA18939	CYP2D6	rs556882139	star	chr22	42128932	C	T	0|0	HOM_REF
HG03069	CYP2D6	rs556882139	star	chr22	42128932	C	T	0|0	HOM_REF
HG04227	CYP2D6	rs556882139	star	chr22	42128932	C	T	0|0	HOM_REF
NA19007	CYP2D6	rs556882139	star	chr22	42128932	C	T	0|0	HOM_REF
NA21120	CYP2D6	rs556882139	star	chr22	42128932	C	T	0|0	HOM_REF
HG01892	CYP2D6	rs3892097	star	chr22	42128945	C	T	0|0	HOM_REF
HG01061	CYP2D6	rs3892097	star	chr22	42128945	C	T	1|0	HET
NA20299	CYP2D6	rs3892097	star	chr22	42128945	C	T	0|0	HOM_REF
NA21091	CYP2D6	rs3892097	star	chr22	42128945	C	T	1|0	HET
HG00367	CYP2D6	rs3892097	star	chr22	42128945	C	T	0|0	HOM_REF
NA18939	CYP2D6	rs3892097	star	chr22	42128945	C	T	0|0	HOM_REF
HG03069	CYP2D6	rs3892097	star	chr22	42128945	C	T	0|0	HOM_REF
HG04227	CYP2D6	rs3892097	star	chr22	42128945	C	T	0|0	HOM_REF
NA19007	CYP2D6	rs3892097	star	chr22	42128945	C	T	0|0	HOM_REF
NA21120	CYP2D6	rs3892097	star	chr22	42128945	C	T	1|0	HET
HG01892	CYP2D6	rs5030865	star	chr22	42129033	C	T	0|0	HOM_REF
HG01061	CYP2D6	rs5030865	star	chr22	42129033	C	T	0|0	HOM_REF
NA20299	CYP2D6	rs5030865	star	chr22	42129033	C	T	0|0	HOM_REF
NA21091	CYP2D6	rs5030865	star	chr22	42129033	C	T	0|0	HOM_REF
HG00367	CYP2D6	rs5030865	star	chr22	42129033	C	T	0|0	HOM_REF
NA18939	CYP2D6	rs5030865	star	chr22	42129033	C	T	0|0	HOM_REF
HG03069	CYP2D6	rs5030865	star	chr22	42129033	C	T	0|0	HOM_REF
HG04227	CYP2D6	rs5030865	star	chr22	42129033	C	T	0|0	HOM_REF
NA19007	CYP2D6	rs5030865	star	chr22	42129033	C	T	0|0	HOM_REF
NA21120	CYP2D6	rs5030865	star	chr22	42129033	C	T	0|0	HOM_REF
HG01892	CYP2D6	rs1135826	star	chr22	42129036	A	C	0|0	HOM_REF
HG01061	CYP2D6	rs1135826	star	chr22	42129036	A	C	0|0	HOM_REF
NA20299	CYP2D6	rs1135826	star	chr22	42129036	A	C	0|0	HOM_REF
NA21091	CYP2D6	rs1135826	star	chr22	42129036	A	C	0|0	HOM_REF
HG00367	CYP2D6	rs1135826	star	chr22	42129036	A	C	0|0	HOM_REF
NA18939	CYP2D6	rs1135826	star	chr22	42129036	A	C	0|0	HOM_REF
HG03069	CYP2D6	rs1135826	star	chr22	42129036	A	C	0|0	HOM_REF
HG04227	CYP2D6	rs1135826	star	chr22	42129036	A	C	0|0	HOM_REF
NA19007	CYP2D6	rs1135826	star	chr22	42129036	A	C	0|0	HOM_REF
NA21120	CYP2D6	rs1135826	star	chr22	42129036	A	C	0|0	HOM_REF
HG01892	CYP2D6	rs1135825	star	chr22	42129037	G	A	0|0	HOM_REF
HG01061	CYP2D6	rs1135825	star	chr22	42129037	G	A	0|0	HOM_REF
NA20299	CYP2D6	rs1135825	star	chr22	42129037	G	A	0|0	HOM_REF
NA21091	CYP2D6	rs1135825	star	chr22	42129037	G	A	0|0	HOM_REF
HG00367	CYP2D6	rs1135825	star	chr22	42129037	G	A	0|0	HOM_REF
NA18939	CYP2D6	rs1135825	star	chr22	42129037	G	A	0|0	HOM_REF
HG03069	CYP2D6	rs1135825	star	chr22	42129037	G	A	0|0	HOM_REF
HG04227	CYP2D6	rs1135825	star	chr22	42129037	G	A	0|0	HOM_REF
NA19007	CYP2D6	rs1135825	star	chr22	42129037	G	A	0|0	HOM_REF
NA21120	CYP2D6	rs1135825	star	chr22	42129037	G	A	0|0	HOM_REF
HG01892	CYP2D6	rs1135825	star	chr22	42129037	G	T	0|0	HOM_REF
HG01061	CYP2D6	rs1135825	star	chr22	42129037	G	T	0|0	HOM_REF
NA20299	CYP2D6	rs1135825	star	chr22	42129037	G	T	0|0	HOM_REF
NA21091	CYP2D6	rs1135825	star	chr22	42129037	G	T	0|0	HOM_REF
HG00367	CYP2D6	rs1135825	star	chr22	42129037	G	T	0|0	HOM_REF
NA18939	CYP2D6	rs1135825	star	chr22	42129037	G	T	0|0	HOM_REF
HG03069	CYP2D6	rs1135825	star	chr22	42129037	G	T	0|0	HOM_REF
HG04227	CYP2D6	rs1135825	star	chr22	42129037	G	T	0|0	HOM_REF
NA19007	CYP2D6	rs1135825	star	chr22	42129037	G	T	0|0	HOM_REF
NA21120	CYP2D6	rs1135825	star	chr22	42129037	G	T	0|0	HOM_REF
HG01892	CYP2D6	rs201006451	star	chr22	42129044	G	A	0|0	HOM_REF
HG01061	CYP2D6	rs201006451	star	chr22	42129044	G	A	0|0	HOM_REF
NA20299	CYP2D6	rs201006451	star	chr22	42129044	G	A	0|0	HOM_REF
NA21091	CYP2D6	rs201006451	star	chr22	42129044	G	A	0|0	HOM_REF
HG00367	CYP2D6	rs201006451	star	chr22	42129044	G	A	0|0	HOM_REF
NA18939	CYP2D6	rs201006451	star	chr22	42129044	G	A	0|0	HOM_REF
HG03069	CYP2D6	rs201006451	star	chr22	42129044	G	A	0|0	HOM_REF
HG04227	CYP2D6	rs201006451	star	chr22	42129044	G	A	0|0	HOM_REF
NA19007	CYP2D6	rs201006451	star	chr22	42129044	G	A	0|0	HOM_REF
NA21120	CYP2D6	rs201006451	star	chr22	42129044	G	A	0|0	HOM_REF
HG01892	CYP2D6	rs28371710	star	chr22	42129075	C	T	0|0	HOM_REF
HG01061	CYP2D6	rs28371710	star	chr22	42129075	C	T	0|0	HOM_REF
NA20299	CYP2D6	rs28371710	star	chr22	42129075	C	T	0|0	HOM_REF
NA21091	CYP2D6	rs28371710	star	chr22	42129075	C	T	0|0	HOM_REF
HG00367	CYP2D6	rs28371710	star	chr22	42129075	C	T	0|0	HOM_REF
NA18939	CYP2D6	rs28371710	star	chr22	42129075	C	T	0|0	HOM_REF
HG03069	CYP2D6	rs28371710	star	chr22	42129075	C	T	0|0	HOM_REF
HG04227	CYP2D6	rs28371710	star	chr22	42129075	C	T	0|0	HOM_REF
NA19007	CYP2D6	rs28371710	star	chr22	42129075	C	T	0|0	HOM_REF
NA21120	CYP2D6	rs28371710	star	chr22	42129075	C	T	0|0	HOM_REF
HG01892	CYP2D6	rs78482768	star	chr22	42129087	G	C	0|0	HOM_REF
HG01061	CYP2D6	rs78482768	star	chr22	42129087	G	C	0|0	HOM_REF
NA20299	CYP2D6	rs78482768	star	chr22	42129087	G	C	0|0	HOM_REF
NA21091	CYP2D6	rs78482768	star	chr22	42129087	G	C	0|0	HOM_REF
HG00367	CYP2D6	rs78482768	star	chr22	42129087	G	C	0|0	HOM_REF
NA18939	CYP2D6	rs78482768	star	chr22	42129087	G	C	0|0	HOM_REF
HG03069	CYP2D6	rs78482768	star	chr22	42129087	G	C	0|0	HOM_REF
HG04227	CYP2D6	rs78482768	star	chr22	42129087	G	C	0|0	HOM_REF
NA19007	CYP2D6	rs78482768	star	chr22	42129087	G	C	0|0	HOM_REF
NA21120	CYP2D6	rs78482768	star	chr22	42129087	G	C	0|0	HOM_REF
HG01892	CYP2D6	rs1058164	star	chr22	42129130	C	G	1|1	HOM_ALT
HG01061	CYP2D6	rs1058164	star	chr22	42129130	C	G	1|0	HET
NA20299	CYP2D6	rs1058164	star	chr22	42129130	C	G	0|1	HET
NA21091	CYP2D6	rs1058164	star	chr22	42129130	C	G	1|1	HOM_ALT
HG00367	CYP2D6	rs1058164	star	chr22	42129130	C	G	0|0	HOM_REF
NA18939	CYP2D6	rs1058164	star	chr22	42129130	C	G	1|1	HOM_ALT
HG03069	CYP2D6	rs1058164	star	chr22	42129130	C	G	1|1	HOM_ALT
HG04227	CYP2D6	rs1058164	star	chr22	42129130	C	G	0|0	HOM_REF
NA19007	CYP2D6	rs1058164	star	chr22	42129130	C	G	0|0	HOM_REF
NA21120	CYP2D6	rs1058164	star	chr22	42129130	C	G	1|0	HET
HG01892	CYP2D6	rs61736512	star	chr22	42129132	C	T	0|0	HOM_REF
HG01061	CYP2D6	rs61736512	star	chr22	42129132	C	T	0|0	HOM_REF
NA20299	CYP2D6	rs61736512	star	chr22	42129132	C	T	0|0	HOM_REF
NA21091	CYP2D6	rs61736512	star	chr22	42129132	C	T	0|0	HOM_REF
HG00367	CYP2D6	rs61736512	star	chr22	42129132	C	T	0|0	HOM_REF
NA18939	CYP2D6	rs61736512	star	chr22	42129132	C	T	0|0	HOM_REF
HG03069	CYP2D6	rs61736512	star	chr22	42129132	C	T	0|0	HOM_REF
HG04227	CYP2D6	rs61736512	star	chr22	42129132	C	T	0|0	HOM_REF
NA19007	CYP2D6	rs61736512	star	chr22	42129132	C	T	0|0	HOM_REF
NA21120	CYP2D6	rs61736512	star	chr22	42129132	C	T	0|0	HOM_REF
HG01892	CYP2D6	rs376636053	star	chr22	42129156	A	G	0|0	HOM_REF
HG01061	CYP2D6	rs376636053	star	chr22	42129156	A	G	0|0	HOM_REF
NA20299	CYP2D6	rs376636053	star	chr22	42129156	A	G	0|0	HOM_REF
NA21091	CYP2D6	rs376636053	star	chr22	42129156	A	G	0|0	HOM_REF
HG00367	CYP2D6	rs376636053	star	chr22	42129156	A	G	0|0	HOM_REF
NA18939	CYP2D6	rs376636053	star	chr22	42129156	A	G	0|0	HOM_REF
HG03069	CYP2D6	rs376636053	star	chr22	42129156	A	G	0|0	HOM_REF
HG04227	CYP2D6	rs376636053	star	chr22	42129156	A	G	0|0	HOM_REF
NA19007	CYP2D6	rs376636053	star	chr22	42129156	A	G	0|0	HOM_REF
NA21120	CYP2D6	rs376636053	star	chr22	42129156	A	G	0|0	HOM_REF
HG01892	CYP2D6	rs1135823	star	chr22	42129174	C	A	0|0	HOM_REF
HG01061	CYP2D6	rs1135823	star	chr22	42129174	C	A	0|0	HOM_REF
NA20299	CYP2D6	rs1135823	star	chr22	42129174	C	A	0|0	HOM_REF
NA21091	CYP2D6	rs1135823	star	chr22	42129174	C	A	0|0	HOM_REF
HG00367	CYP2D6	rs1135823	star	chr22	42129174	C	A	0|0	HOM_REF
NA18939	CYP2D6	rs1135823	star	chr22	42129174	C	A	0|0	HOM_REF
HG03069	CYP2D6	rs1135823	star	chr22	42129174	C	A	0|0	HOM_REF
HG04227	CYP2D6	rs1135823	star	chr22	42129174	C	A	0|0	HOM_REF
NA19007	CYP2D6	rs1135823	star	chr22	42129174	C	A	0|0	HOM_REF
NA21120	CYP2D6	rs1135823	star	chr22	42129174	C	A	0|0	HOM_REF
HG01892	CYP2D6	rs1135822	star	chr22	42129180	A	T	0|0	HOM_REF
HG01061	CYP2D6	rs1135822	star	chr22	42129180	A	T	0|0	HOM_REF
NA20299	CYP2D6	rs1135822	star	chr22	42129180	A	T	0|0	HOM_REF
NA21091	CYP2D6	rs1135822	star	chr22	42129180	A	T	0|0	HOM_REF
HG00367	CYP2D6	rs1135822	star	chr22	42129180	A	T	0|0	HOM_REF
NA18939	CYP2D6	rs1135822	star	chr22	42129180	A	T	0|0	HOM_REF
HG03069	CYP2D6	rs1135822	star	chr22	42129180	A	T	0|0	HOM_REF
HG04227	CYP2D6	rs1135822	star	chr22	42129180	A	T	0|0	HOM_REF
NA19007	CYP2D6	rs1135822	star	chr22	42129180	A	T	0|0	HOM_REF
NA21120	CYP2D6	rs1135822	star	chr22	42129180	A	T	0|0	HOM_REF
HG01892	CYP2D6	rs535642512	star	chr22	42129759	C	T	0|0	HOM_REF
HG01061	CYP2D6	rs535642512	star	chr22	42129759	C	T	0|0	HOM_REF
NA20299	CYP2D6	rs535642512	star	chr22	42129759	C	T	0|0	HOM_REF
NA21091	CYP2D6	rs535642512	star	chr22	42129759	C	T	0|0	HOM_REF
HG00367	CYP2D6	rs535642512	star	chr22	42129759	C	T	0|0	HOM_REF
NA18939	CYP2D6	rs535642512	star	chr22	42129759	C	T	0|0	HOM_REF
HG03069	CYP2D6	rs535642512	star	chr22	42129759	C	T	0|0	HOM_REF
HG04227	CYP2D6	rs535642512	star	chr22	42129759	C	T	0|0	HOM_REF
NA19007	CYP2D6	rs535642512	star	chr22	42129759	C	T	0|0	HOM_REF
NA21120	CYP2D6	rs535642512	star	chr22	42129759	C	T	0|0	HOM_REF
HG01892	CYP2D6	rs78459009	star	chr22	42129765	T	C	0|0	HOM_REF
HG01061	CYP2D6	rs78459009	star	chr22	42129765	T	C	0|0	HOM_REF
NA20299	CYP2D6	rs78459009	star	chr22	42129765	T	C	0|0	HOM_REF
NA21091	CYP2D6	rs78459009	star	chr22	42129765	T	C	0|0	HOM_REF
HG00367	CYP2D6	rs78459009	star	chr22	42129765	T	C	0|0	HOM_REF
NA18939	CYP2D6	rs78459009	star	chr22	42129765	T	C	0|0	HOM_REF
HG03069	CYP2D6	rs78459009	star	chr22	42129765	T	C	0|0	HOM_REF
HG04227	CYP2D6	rs78459009	star	chr22	42129765	T	C	0|0	HOM_REF
NA19007	CYP2D6	rs78459009	star	chr22	42129765	T	C	0|0	HOM_REF
NA21120	CYP2D6	rs78459009	star	chr22	42129765	T	C	0|0	HOM_REF
HG01892	CYP2D6	rs28371706	star	chr22	42129770	G	A	0|0	HOM_REF
HG01061	CYP2D6	rs28371706	star	chr22	42129770	G	A	0|0	HOM_REF
NA20299	CYP2D6	rs28371706	star	chr22	42129770	G	A	0|1	HET
NA21091	CYP2D6	rs28371706	star	chr22	42129770	G	A	0|0	HOM_REF
HG00367	CYP2D6	rs28371706	star	chr22	42129770	G	A	0|0	HOM_REF
NA18939	CYP2D6	rs28371706	star	chr22	42129770	G	A	0|0	HOM_REF
HG03069	CYP2D6	rs28371706	star	chr22	42129770	G	A	0|1	HET
HG04227	CYP2D6	rs28371706	star	chr22	42129770	G	A	0|0	HOM_REF
NA19007	CYP2D6	rs28371706	star	chr22	42129770	G	A	0|0	HOM_REF
NA21120	CYP2D6	rs28371706	star	chr22	42129770	G	A	0|0	HOM_REF
HG01892	CYP2D6	rs74802369	star	chr22	42129771	T	A	0|0	HOM_REF
HG01061	CYP2D6	rs74802369	star	chr22	42129771	T	A	0|0	HOM_REF
NA20299	CYP2D6	rs74802369	star	chr22	42129771	T	A	0|0	HOM_REF
NA21091	CYP2D6	rs74802369	star	chr22	42129771	T	A	0|0	HOM_REF
HG00367	CYP2D6	rs74802369	star	chr22	42129771	T	A	0|0	HOM_REF
NA18939	CYP2D6	rs74802369	star	chr22	42129771	T	A	0|0	HOM_REF
HG03069	CYP2D6	rs74802369	star	chr22	42129771	T	A	0|0	HOM_REF
HG04227	CYP2D6	rs74802369	star	chr22	42129771	T	A	0|0	HOM_REF
NA19007	CYP2D6	rs74802369	star	chr22	42129771	T	A	0|0	HOM_REF
NA21120	CYP2D6	rs74802369	star	chr22	42129771	T	A	0|0	HOM_REF
HG01892	CYP2D6	rs76187628	star	chr22	42129779	A	G	0|0	HOM_REF
HG01061	CYP2D6	rs76187628	star	chr22	42129779	A	G	0|0	HOM_REF
NA20299	CYP2D6	rs76187628	star	chr22	42129779	A	G	0|0	HOM_REF
NA21091	CYP2D6	rs76187628	star	chr22	42129779	A	G	0|0	HOM_REF
HG00367	CYP2D6	rs76187628	star	chr22	42129779	A	G	0|0	HOM_REF
NA18939	CYP2D6	rs76187628	star	chr22	42129779	A	G	0|0	HOM_REF
HG03069	CYP2D6	rs76187628	star	chr22	42129779	A	G	0|0	HOM_REF
HG04227	CYP2D6	rs76187628	star	chr22	42129779	A	G	0|0	HOM_REF
NA19007	CYP2D6	rs76187628	star	chr22	42129779	A	G	0|0	HOM_REF
NA21120	CYP2D6	rs76187628	star	chr22	42129779	A	G	0|0	HOM_REF
HG01892	CYP2D6	rs76802407	star	chr22	42129799	G	C	0|0	HOM_REF
HG01061	CYP2D6	rs76802407	star	chr22	42129799	G	C	0|0	HOM_REF
NA20299	CYP2D6	rs76802407	star	chr22	42129799	G	C	0|0	HOM_REF
NA21091	CYP2D6	rs76802407	star	chr22	42129799	G	C	0|0	HOM_REF
HG00367	CYP2D6	rs76802407	star	chr22	42129799	G	C	0|0	HOM_REF
NA18939	CYP2D6	rs76802407	star	chr22	42129799	G	C	0|0	HOM_REF
HG03069	CYP2D6	rs76802407	star	chr22	42129799	G	C	0|0	HOM_REF
HG04227	CYP2D6	rs76802407	star	chr22	42129799	G	C	0|0	HOM_REF
NA19007	CYP2D6	rs76802407	star	chr22	42129799	G	C	0|0	HOM_REF
NA21120	CYP2D6	rs76802407	star	chr22	42129799	G	C	0|0	HOM_REF
HG01892	CYP2D6	rs28371704	star	chr22	42129809	T	C	0|0	HOM_REF
HG01061	CYP2D6	rs28371704	star	chr22	42129809	T	C	1|0	HET
NA20299	CYP2D6	rs28371704	star	chr22	42129809	T	C	0|0	HOM_REF
NA21091	CYP2D6	rs28371704	star	chr22	42129809	T	C	1|0	HET
HG00367	CYP2D6	rs28371704	star	chr22	42129809	T	C	0|0	HOM_REF
NA18939	CYP2D6	rs28371704	star	chr22	42129809	T	C	0|0	HOM_REF
HG03069	CYP2D6	rs28371704	star	chr22	42129809	T	C	0|0	HOM_REF
HG04227	CYP2D6	rs28371704	star	chr22	42129809	T	C	0|0	HOM_REF
NA19007	CYP2D6	rs28371704	star	chr22	42129809	T	C	0|0	HOM_REF
NA21120	CYP2D6	rs28371704	star	chr22	42129809	T	C	1|0	HET
HG01892	CYP2D6	rs28371703	star	chr22	42129819	G	T	0|0	HOM_REF
HG01061	CYP2D6	rs28371703	star	chr22	42129819	G	T	1|0	HET
NA20299	CYP2D6	rs28371703	star	chr22	42129819	G	T	0|0	HOM_REF
NA21091	CYP2D6	rs28371703	star	chr22	42129819	G	T	1|0	HET
HG00367	CYP2D6	rs28371703	star	chr22	42129819	G	T	0|0	HOM_REF
NA18939	CYP2D6	rs28371703	star	chr22	42129819	G	T	0|0	HOM_REF
HG03069	CYP2D6	rs28371703	star	chr22	42129819	G	T	0|0	HOM_REF
HG04227	CYP2D6	rs28371703	star	chr22	42129819	G	T	0|0	HOM_REF
NA19007	CYP2D6	rs28371703	star	chr22	42129819	G	T	0|0	HOM_REF
NA21120	CYP2D6	rs28371703	star	chr22	42129819	G	T	1|0	HET
HG01892	CYP2D6	rs267608276	star	chr22	42129827	C	G	0|0	HOM_REF
HG01061	CYP2D6	rs267608276	star	chr22	42129827	C	G	0|0	HOM_REF
NA20299	CYP2D6	rs267608276	star	chr22	42129827	C	G	0|0	HOM_REF
NA21091	CYP2D6	rs267608276	star	chr22	42129827	C	G	0|0	HOM_REF
HG00367	CYP2D6	rs267608276	star	chr22	42129827	C	G	0|0	HOM_REF
NA18939	CYP2D6	rs267608276	star	chr22	42129827	C	G	0|0	HOM_REF
HG03069	CYP2D6	rs267608276	star	chr22	42129827	C	G	0|0	HOM_REF
HG04227	CYP2D6	rs267608276	star	chr22	42129827	C	G	0|0	HOM_REF
NA19007	CYP2D6	rs267608276	star	chr22	42129827	C	G	0|0	HOM_REF
NA21120	CYP2D6	rs267608276	star	chr22	42129827	C	G	0|0	HOM_REF
HG01892	CYP2D6	rs536109057	star	chr22	42130638	G	A	0|0	HOM_REF
HG01061	CYP2D6	rs536109057	star	chr22	42130638	G	A	0|0	HOM_REF
NA20299	CYP2D6	rs536109057	star	chr22	42130638	G	A	0|0	HOM_REF
NA21091	CYP2D6	rs536109057	star	chr22	42130638	G	A	0|0	HOM_REF
HG00367	CYP2D6	rs536109057	star	chr22	42130638	G	A	0|0	HOM_REF
NA18939	CYP2D6	rs536109057	star	chr22	42130638	G	A	0|0	HOM_REF
HG03069	CYP2D6	rs536109057	star	chr22	42130638	G	A	0|0	HOM_REF
HG04227	CYP2D6	rs536109057	star	chr22	42130638	G	A	0|0	HOM_REF
NA19007	CYP2D6	rs536109057	star	chr22	42130638	G	A	0|0	HOM_REF
NA21120	CYP2D6	rs536109057	star	chr22	42130638	G	A	0|0	HOM_REF
HG01892	CYP2D6	rs118203758	star	chr22	42130667	C	T	0|0	HOM_REF
HG01061	CYP2D6	rs118203758	star	chr22	42130667	C	T	0|0	HOM_REF
NA20299	CYP2D6	rs118203758	star	chr22	42130667	C	T	0|0	HOM_REF
NA21091	CYP2D6	rs118203758	star	chr22	42130667	C	T	0|0	HOM_REF
HG00367	CYP2D6	rs118203758	star	chr22	42130667	C	T	0|0	HOM_REF
NA18939	CYP2D6	rs118203758	star	chr22	42130667	C	T	0|0	HOM_REF
HG03069	CYP2D6	rs118203758	star	chr22	42130667	C	T	0|0	HOM_REF
HG04227	CYP2D6	rs118203758	star	chr22	42130667	C	T	0|0	HOM_REF
NA19007	CYP2D6	rs118203758	star	chr22	42130667	C	T	0|0	HOM_REF
NA21120	CYP2D6	rs118203758	star	chr22	42130667	C	T	0|0	HOM_REF
HG01892	CYP2D6	rs1065852	star	chr22	42130692	G	A	0|0	HOM_REF
HG01061	CYP2D6	rs1065852	star	chr22	42130692	G	A	1|0	HET
NA20299	CYP2D6	rs1065852	star	chr22	42130692	G	A	0|0	HOM_REF
NA21091	CYP2D6	rs1065852	star	chr22	42130692	G	A	1|0	HET
HG00367	CYP2D6	rs1065852	star	chr22	42130692	G	A	0|0	HOM_REF
NA18939	CYP2D6	rs1065852	star	chr22	42130692	G	A	1|0	HET
HG03069	CYP2D6	rs1065852	star	chr22	42130692	G	A	0|0	HOM_REF
HG04227	CYP2D6	rs1065852	star	chr22	42130692	G	A	0|0	HOM_REF
NA19007	CYP2D6	rs1065852	star	chr22	42130692	G	A	0|0	HOM_REF
NA21120	CYP2D6	rs1065852	star	chr22	42130692	G	A	1|0	HET
HG01892	CYP2D6	rs138100349	star	chr22	42130710	G	A	0|0	HOM_REF
HG01061	CYP2D6	rs138100349	star	chr22	42130710	G	A	0|0	HOM_REF
NA20299	CYP2D6	rs138100349	star	chr22	42130710	G	A	0|0	HOM_REF
NA21091	CYP2D6	rs138100349	star	chr22	42130710	G	A	0|0	HOM_REF
HG00367	CYP2D6	rs138100349	star	chr22	42130710	G	A	0|0	HOM_REF
NA18939	CYP2D6	rs138100349	star	chr22	42130710	G	A	0|0	HOM_REF
HG03069	CYP2D6	rs138100349	star	chr22	42130710	G	A	0|0	HOM_REF
HG04227	CYP2D6	rs138100349	star	chr22	42130710	G	A	0|0	HOM_REF
NA19007	CYP2D6	rs138100349	star	chr22	42130710	G	A	0|0	HOM_REF
NA21120	CYP2D6	rs138100349	star	chr22	42130710	G	A	0|0	HOM_REF
HG01892	CYP2D6	rs28371696	star	chr22	42130715	C	T	0|0	HOM_REF
HG01061	CYP2D6	rs28371696	star	chr22	42130715	C	T	0|0	HOM_REF
NA20299	CYP2D6	rs28371696	star	chr22	42130715	C	T	0|0	HOM_REF
NA21091	CYP2D6	rs28371696	star	chr22	42130715	C	T	0|0	HOM_REF
HG00367	CYP2D6	rs28371696	star	chr22	42130715	C	T	0|0	HOM_REF
NA18939	CYP2D6	rs28371696	star	chr22	42130715	C	T	0|0	HOM_REF
HG03069	CYP2D6	rs28371696	star	chr22	42130715	C	T	0|0	HOM_REF
HG04227	CYP2D6	rs28371696	star	chr22	42130715	C	T	1|0	HET
NA19007	CYP2D6	rs28371696	star	chr22	42130715	C	T	0|0	HOM_REF
NA21120	CYP2D6	rs28371696	star	chr22	42130715	C	T	0|0	HOM_REF
HG01892	CYP2D6	rs769258	star	chr22	42130761	C	T	0|0	HOM_REF
HG01061	CYP2D6	rs769258	star	chr22	42130761	C	T	0|0	HOM_REF
NA20299	CYP2D6	rs769258	star	chr22	42130761	C	T	0|0	HOM_REF
NA21091	CYP2D6	rs769258	star	chr22	42130761	C	T	0|0	HOM_REF
HG00367	CYP2D6	rs769258	star	chr22	42130761	C	T	0|0	HOM_REF
NA18939	CYP2D6	rs769258	star	chr22	42130761	C	T	0|0	HOM_REF
HG03069	CYP2D6	rs769258	star	chr22	42130761	C	T	0|0	HOM_REF
HG04227	CYP2D6	rs769258	star	chr22	42130761	C	T	0|0	HOM_REF
NA19007	CYP2D6	rs769258	star	chr22	42130761	C	T	0|0	HOM_REF
NA21120	CYP2D6	rs769258	star	chr22	42130761	C	T	0|0	HOM_REF
HG01892	CYP2D6	rs72549358	star	chr22	42130773	C	T	0|0	HOM_REF
HG01061	CYP2D6	rs72549358	star	chr22	42130773	C	T	0|0	HOM_REF
NA20299	CYP2D6	rs72549358	star	chr22	42130773	C	T	0|0	HOM_REF
NA21091	CYP2D6	rs72549358	star	chr22	42130773	C	T	0|0	HOM_REF
HG00367	CYP2D6	rs72549358	star	chr22	42130773	C	T	0|0	HOM_REF
NA18939	CYP2D6	rs72549358	star	chr22	42130773	C	T	0|0	HOM_REF
HG03069	CYP2D6	rs72549358	star	chr22	42130773	C	T	0|0	HOM_REF
HG04227	CYP2D6	rs72549358	star	chr22	42130773	C	T	0|0	HOM_REF
NA19007	CYP2D6	rs72549358	star	chr22	42130773	C	T	0|0	HOM_REF
NA21120	CYP2D6	rs72549358	star	chr22	42130773	C	T	0|0	HOM_REF
